MAG,N_OBS,N_CUM,BIN_RTE,CUM_RTE,MFD_FIT,MFD_FIT_AREA_NORM
3.0500000000000003,20,116,4.5931e-01,2.5296e+00,2.7425e+00,1.1285e-02
3.1500000000000004,17,96,3.9041e-01,2.0703e+00,2.1463e+00,8.8321e-03
3.2500000000000004,18,79,4.1338e-01,1.6799e+00,1.6798e+00,6.9123e-03
3.3500000000000005,9,61,2.0669e-01,1.2665e+00,1.3146e+00,5.4097e-03
3.4500000000000006,7,52,1.6076e-01,1.0598e+00,1.0289e+00,4.2337e-03
3.5500000000000007,11,45,2.5262e-01,8.9904e-01,8.0520e-01,3.3134e-03
3.650000000000001,5,34,1.1483e-01,6.4642e-01,6.3016e-01,2.5931e-03
3.750000000000001,3,29,6.8897e-02,5.3159e-01,4.9317e-01,2.0294e-03
3.850000000000001,3,26,6.8897e-02,4.6270e-01,3.8595e-01,1.5882e-03
3.950000000000001,3,23,5.7096e-02,3.9380e-01,3.0204e-01,1.2429e-03
4.050000000000001,4,20,7.6128e-02,3.3670e-01,2.3637e-01,9.7264e-04
4.150000000000001,1,16,1.9032e-02,2.6058e-01,1.8497e-01,7.6114e-04
4.250000000000002,1,15,1.9032e-02,2.4155e-01,1.4474e-01,5.9561e-04
4.350000000000001,1,14,1.9032e-02,2.2251e-01,1.1326e-01,4.6607e-04
4.450000000000001,2,13,3.8064e-02,2.0348e-01,8.8622e-02,3.6468e-04
4.550000000000002,1,11,1.5989e-02,1.6542e-01,6.9339e-02,2.8533e-04
4.650000000000002,2,10,3.1978e-02,1.4943e-01,5.4247e-02,2.2322e-04
4.750000000000002,2,8,3.1978e-02,1.1745e-01,4.2435e-02,1.7462e-04
4.850000000000001,2,6,3.1978e-02,8.5474e-02,3.3191e-02,1.3658e-04
4.950000000000002,1,4,1.5493e-02,5.3496e-02,2.5956e-02,1.0681e-04
5.0500000000000025,1,3,1.5493e-02,3.8002e-02,2.0294e-02,8.3511e-05
5.150000000000002,1,2,1.5493e-02,2.2509e-02,1.5863e-02,6.5275e-05
5.250000000000002,0,1,0.0000e+00,7.0154e-03,1.2395e-02,5.1004e-05
5.350000000000002,0,1,0.0000e+00,7.0154e-03,9.6804e-03,3.9834e-05
5.450000000000003,0,1,0.0000e+00,7.0154e-03,7.5560e-03,3.1093e-05
5.5500000000000025,0,1,0.0000e+00,7.0154e-03,5.8934e-03,2.4251e-05
5.650000000000002,0,1,0.0000e+00,7.0154e-03,4.5922e-03,1.8897e-05
5.750000000000003,0,1,0.0000e+00,7.0154e-03,3.5739e-03,1.4706e-05
5.850000000000003,0,1,0.0000e+00,7.0154e-03,2.7769e-03,1.1427e-05
5.950000000000003,0,1,0.0000e+00,7.0154e-03,2.1531e-03,8.8600e-06
6.0500000000000025,0,1,0.0000e+00,7.0154e-03,1.6649e-03,6.8511e-06
6.150000000000003,0,1,0.0000e+00,7.0154e-03,1.2828e-03,5.2789e-06
6.2500000000000036,0,1,0.0000e+00,7.0154e-03,9.8383e-04,4.0484e-06
6.350000000000003,0,1,0.0000e+00,7.0154e-03,7.4980e-04,3.0854e-06
6.450000000000003,0,1,0.0000e+00,7.0154e-03,5.6664e-04,2.3317e-06
6.550000000000003,1,1,7.0154e-03,7.0154e-03,4.2330e-04,1.7419e-06
6.650000000000004,0,0,0.0000e+00,0.0000e+00,3.1111e-04,1.2802e-06
6.7500000000000036,0,0,0.0000e+00,0.0000e+00,2.2331e-04,9.1892e-07
6.850000000000003,0,0,0.0000e+00,0.0000e+00,1.5459e-04,6.3615e-07
6.950000000000004,0,0,0.0000e+00,0.0000e+00,1.0081e-04,4.1484e-07
7.050000000000004,0,0,0.0000e+00,0.0000e+00,5.8723e-05,2.4164e-07
7.150000000000004,0,0,0.0000e+00,0.0000e+00,2.5781e-05,1.0609e-07
7.2500000000000036,0,0,0.0000e+00,0.0000e+00,-2.0612e-19,-8.4817e-22
