MAG,N_OBS,N_CUM,BIN_RTE,CUM_RTE,MFD_FIT,MFD_FIT_AREA_NORM
5.55,0,37,0.0000e+00,8.7629e-01,1.0676e+00,1.0224e-01
5.6499999999999995,5,37,2.7879e-01,8.7629e-01,8.7076e-01,8.3386e-02
5.749999999999999,3,32,6.2586e-02,5.9749e-01,7.1000e-01,6.7991e-02
5.849999999999999,4,29,8.3447e-02,5.3491e-01,5.7873e-01,5.5420e-02
5.949999999999998,2,25,4.1724e-02,4.5146e-01,4.7155e-01,4.5156e-02
6.049999999999998,1,23,2.0862e-02,4.0973e-01,3.8402e-01,3.6775e-02
6.149999999999998,4,22,8.3447e-02,3.8887e-01,3.1256e-01,2.9931e-02
6.249999999999997,3,18,5.0904e-02,3.0542e-01,2.5420e-01,2.4343e-02
6.349999999999997,3,15,5.0904e-02,2.5452e-01,2.0655e-01,1.9780e-02
6.449999999999997,1,12,1.6968e-02,2.0362e-01,1.6765e-01,1.6054e-02
6.549999999999996,2,11,3.3936e-02,1.8665e-01,1.3588e-01,1.3012e-02
6.649999999999996,2,9,3.3936e-02,1.5271e-01,1.0994e-01,1.0528e-02
6.749999999999996,0,7,0.0000e+00,1.1878e-01,8.8755e-02,8.4993e-03
6.849999999999995,1,7,1.6968e-02,1.1878e-01,7.1459e-02,6.8430e-03
6.949999999999995,3,6,5.0904e-02,1.0181e-01,5.7336e-02,5.4906e-03
7.0499999999999945,1,3,1.6968e-02,5.0904e-02,4.5804e-02,4.3863e-03
7.149999999999994,0,2,0.0000e+00,3.3936e-02,3.6388e-02,3.4846e-03
7.249999999999994,0,2,0.0000e+00,3.3936e-02,2.8699e-02,2.7483e-03
7.349999999999993,0,2,0.0000e+00,3.3936e-02,2.2421e-02,2.1471e-03
7.449999999999993,2,2,3.3936e-02,3.3936e-02,1.7295e-02,1.6562e-03
7.549999999999993,0,0,0.0000e+00,0.0000e+00,1.3109e-02,1.2553e-03
7.649999999999992,0,0,0.0000e+00,0.0000e+00,9.6908e-03,9.2800e-04
7.749999999999992,0,0,0.0000e+00,0.0000e+00,6.8998e-03,6.6074e-04
7.849999999999992,0,0,0.0000e+00,0.0000e+00,4.6209e-03,4.4251e-04
7.949999999999991,0,0,0.0000e+00,0.0000e+00,2.7601e-03,2.6431e-04
8.04999999999999,0,0,0.0000e+00,0.0000e+00,1.2407e-03,1.1881e-04
8.149999999999991,0,0,0.0000e+00,0.0000e+00,1.2407e-03,1.1881e-04
