MAG,N_OBS,N_CUM,BIN_RTE,CUM_RTE,MFD_FIT,MFD_FIT_AREA_NORM
2.95,24,154,5.0480e-01,3.2209e+00,4.1431e+00,6.2613e-02
3.0500000000000003,22,130,4.6274e-01,2.7161e+00,3.1324e+00,4.7340e-02
3.1500000000000004,22,108,4.6274e-01,2.2533e+00,2.3683e+00,3.5792e-02
3.2500000000000004,20,86,4.2067e-01,1.7906e+00,1.7906e+00,2.7061e-02
3.3500000000000005,9,66,1.8930e-01,1.3699e+00,1.3538e+00,2.0459e-02
3.4500000000000006,8,57,1.6827e-01,1.1806e+00,1.0235e+00,1.5469e-02
3.5500000000000007,17,49,3.5757e-01,1.0124e+00,7.7386e-01,1.1695e-02
3.650000000000001,7,32,1.4723e-01,6.5479e-01,5.8508e-01,8.8422e-03
3.750000000000001,4,25,8.4134e-02,5.0756e-01,4.4235e-01,6.6852e-03
3.850000000000001,4,21,8.4134e-02,4.2343e-01,3.3444e-01,5.0544e-03
3.950000000000001,3,17,6.3100e-02,3.3929e-01,2.5286e-01,3.8214e-03
4.050000000000001,5,14,1.0517e-01,2.7619e-01,1.9117e-01,2.8891e-03
4.150000000000001,0,9,0.0000e+00,1.7102e-01,1.4453e-01,2.1843e-03
4.250000000000002,1,9,2.1033e-02,1.7102e-01,1.0927e-01,1.6514e-03
4.350000000000001,3,8,6.3100e-02,1.4999e-01,8.2614e-02,1.2485e-03
4.450000000000001,1,5,1.7378e-02,8.6891e-02,6.2458e-02,9.4391e-04
4.550000000000002,0,4,0.0000e+00,6.9513e-02,4.7218e-02,7.1360e-04
4.650000000000002,0,4,0.0000e+00,6.9513e-02,3.5697e-02,5.3947e-04
4.750000000000002,1,4,1.7378e-02,6.9513e-02,2.6985e-02,4.0782e-04
4.850000000000001,0,3,0.0000e+00,5.2135e-02,2.0399e-02,3.0829e-04
4.950000000000002,0,3,0.0000e+00,5.2135e-02,1.5420e-02,2.3303e-04
5.0500000000000025,1,3,1.7378e-02,5.2135e-02,1.1655e-02,1.7613e-04
5.150000000000002,0,2,0.0000e+00,3.4756e-02,8.8082e-03,1.3312e-04
5.250000000000002,0,2,0.0000e+00,3.4756e-02,6.6561e-03,1.0059e-04
5.350000000000002,0,2,0.0000e+00,3.4756e-02,5.0289e-03,7.6001e-05
5.450000000000003,1,2,1.7378e-02,3.4756e-02,3.7987e-03,5.7409e-05
5.5500000000000025,0,1,0.0000e+00,1.7378e-02,2.8686e-03,4.3352e-05
5.650000000000002,1,1,1.7378e-02,1.7378e-02,2.1654e-03,3.2725e-05
5.750000000000003,0,0,0.0000e+00,0.0000e+00,1.6337e-03,2.4689e-05
5.850000000000003,0,0,0.0000e+00,0.0000e+00,1.2317e-03,1.8614e-05
5.950000000000003,0,0,0.0000e+00,0.0000e+00,9.2778e-04,1.4021e-05
6.0500000000000025,0,0,0.0000e+00,0.0000e+00,6.9799e-04,1.0549e-05
6.150000000000003,0,0,0.0000e+00,0.0000e+00,5.2426e-04,7.9230e-06
6.2500000000000036,0,0,0.0000e+00,0.0000e+00,3.9291e-04,5.9379e-06
6.350000000000003,0,0,0.0000e+00,0.0000e+00,2.9360e-04,4.4371e-06
6.450000000000003,0,0,0.0000e+00,0.0000e+00,2.1851e-04,3.3023e-06
6.550000000000003,0,0,0.0000e+00,0.0000e+00,1.6175e-04,2.4444e-06
6.650000000000004,0,0,0.0000e+00,0.0000e+00,1.1882e-04,1.7958e-06
6.7500000000000036,0,0,0.0000e+00,0.0000e+00,8.6374e-05,1.3053e-06
6.850000000000003,0,0,0.0000e+00,0.0000e+00,6.1839e-05,9.3456e-07
6.950000000000004,0,0,0.0000e+00,0.0000e+00,4.3289e-05,6.5422e-07
7.050000000000003,0,0,0.0000e+00,0.0000e+00,2.9265e-05,4.4227e-07
7.150000000000004,0,0,0.0000e+00,0.0000e+00,1.8661e-05,2.8202e-07
7.250000000000004,0,0,0.0000e+00,0.0000e+00,1.0644e-05,1.6086e-07
7.350000000000004,0,0,0.0000e+00,0.0000e+00,4.5827e-06,6.9258e-08
7.450000000000004,0,0,0.0000e+00,0.0000e+00,-3.4692e-20,-5.2430e-22
