MAG,N_OBS,N_CUM,BIN_RTE,CUM_RTE,MFD_FIT,MFD_FIT_AREA_NORM
3.0500000000000003,106,626,3.8485e+00,2.0360e+01,2.1175e+01,3.3711e-02
3.1500000000000004,82,520,2.9771e+00,1.6511e+01,1.6511e+01,2.6285e-02
3.2500000000000004,91,438,3.3039e+00,1.3534e+01,1.2874e+01,2.0495e-02
3.3500000000000005,66,347,2.3962e+00,1.0230e+01,1.0038e+01,1.5980e-02
3.4500000000000006,42,281,1.5249e+00,7.8341e+00,7.8264e+00,1.2460e-02
3.5500000000000007,48,239,1.7427e+00,6.3092e+00,6.1023e+00,9.7147e-03
3.650000000000001,28,191,1.0166e+00,4.5665e+00,4.7579e+00,7.5745e-03
3.750000000000001,12,163,4.3568e-01,3.5500e+00,3.7097e+00,5.9058e-03
3.850000000000001,22,151,7.9874e-01,3.1143e+00,2.8924e+00,4.6046e-03
3.950000000000001,21,129,3.9967e-01,2.3155e+00,2.2551e+00,3.5901e-03
4.050000000000001,22,108,4.1870e-01,1.9159e+00,1.7582e+00,2.7991e-03
4.150000000000001,16,86,3.0451e-01,1.4972e+00,1.3708e+00,2.1823e-03
4.250000000000002,13,70,2.4741e-01,1.1927e+00,1.0687e+00,1.7013e-03
4.350000000000001,12,57,2.2838e-01,9.4525e-01,8.3315e-01,1.3264e-03
4.450000000000001,7,45,1.3322e-01,7.1686e-01,6.4949e-01,1.0340e-03
4.550000000000002,8,38,1.2791e-01,5.8364e-01,5.0628e-01,8.0599e-04
4.650000000000002,3,30,4.7967e-02,4.5573e-01,3.9462e-01,6.2823e-04
4.750000000000002,7,27,1.1192e-01,4.0776e-01,3.0756e-01,4.8963e-04
4.850000000000001,4,20,6.3956e-02,2.9584e-01,2.3968e-01,3.8156e-04
4.950000000000002,4,16,6.3956e-02,2.3189e-01,1.8674e-01,2.9729e-04
5.0500000000000025,2,12,3.1978e-02,1.6793e-01,1.4547e-01,2.3159e-04
5.150000000000002,2,10,3.1978e-02,1.3595e-01,1.1329e-01,1.8036e-04
5.250000000000002,0,8,0.0000e+00,1.0397e-01,8.8202e-02,1.4042e-04
5.350000000000002,3,8,4.7967e-02,1.0397e-01,6.8638e-02,1.0927e-04
5.450000000000003,0,5,0.0000e+00,5.6008e-02,5.3383e-02,8.4985e-05
5.5500000000000025,0,5,0.0000e+00,5.6008e-02,4.1489e-02,6.6050e-05
5.650000000000002,1,5,1.5989e-02,5.6008e-02,3.2215e-02,5.1286e-05
5.750000000000003,0,4,0.0000e+00,4.0019e-02,2.4984e-02,3.9773e-05
5.850000000000003,1,4,1.5989e-02,4.0019e-02,1.9345e-02,3.0797e-05
5.950000000000003,0,3,0.0000e+00,2.4030e-02,1.4949e-02,2.3798e-05
6.0500000000000025,1,3,8.5075e-03,2.4030e-02,1.1521e-02,1.8341e-05
6.150000000000003,0,2,0.0000e+00,1.5523e-02,8.8481e-03,1.4086e-05
6.2500000000000036,0,2,0.0000e+00,1.5523e-02,6.7641e-03,1.0768e-05
6.350000000000003,0,2,0.0000e+00,1.5523e-02,5.1391e-03,8.1814e-06
6.450000000000003,1,2,8.5075e-03,1.5523e-02,3.8721e-03,6.1643e-06
6.550000000000003,1,1,7.0154e-03,7.0154e-03,2.8842e-03,4.5916e-06
6.650000000000004,0,0,0.0000e+00,0.0000e+00,2.1139e-03,3.3653e-06
6.7500000000000036,0,0,0.0000e+00,0.0000e+00,1.5133e-03,2.4091e-06
6.850000000000003,0,0,0.0000e+00,0.0000e+00,1.0450e-03,1.6636e-06
6.950000000000004,0,0,0.0000e+00,0.0000e+00,6.7981e-04,1.0823e-06
7.050000000000004,0,0,0.0000e+00,0.0000e+00,3.9510e-04,6.2899e-07
7.150000000000004,0,0,0.0000e+00,0.0000e+00,1.7310e-04,2.7557e-07
7.2500000000000036,0,0,0.0000e+00,0.0000e+00,-1.3605e-18,-2.1659e-21
