MAG,N_OBS,N_CUM,BIN_RTE,CUM_RTE,MFD_FIT,MFD_FIT_AREA_NORM
3.0500000000000003,12,109,4.3568e-01,3.4876e+00,3.7848e+00,1.3182e-01
3.1500000000000004,14,97,5.0829e-01,3.0519e+00,3.0517e+00,1.0628e-01
3.2500000000000004,17,83,6.1721e-01,2.5437e+00,2.4605e+00,8.5695e-02
3.3500000000000005,11,66,3.9937e-01,1.9264e+00,1.9839e+00,6.9094e-02
3.4500000000000006,8,55,2.9045e-01,1.5271e+00,1.5995e+00,5.5709e-02
3.5500000000000007,11,47,3.9937e-01,1.2366e+00,1.2897e+00,4.4917e-02
3.650000000000001,3,36,1.0892e-01,8.3726e-01,1.0398e+00,3.6215e-02
3.750000000000001,3,33,1.0892e-01,7.2834e-01,8.3835e-01,2.9198e-02
3.850000000000001,5,30,1.8153e-01,6.1942e-01,6.7591e-01,2.3541e-02
3.950000000000001,3,25,5.7096e-02,4.3789e-01,5.4493e-01,1.8979e-02
4.050000000000001,2,22,3.8064e-02,3.8079e-01,4.3933e-01,1.5301e-02
4.150000000000001,2,20,3.8064e-02,3.4273e-01,3.5418e-01,1.2335e-02
4.250000000000002,4,18,7.6128e-02,3.0466e-01,2.8552e-01,9.9440e-03
4.350000000000001,3,14,5.7096e-02,2.2854e-01,2.3016e-01,8.0160e-03
4.450000000000001,1,11,1.9032e-02,1.7144e-01,1.8552e-01,6.4614e-03
4.550000000000002,3,10,4.7967e-02,1.5241e-01,1.4953e-01,5.2079e-03
4.650000000000002,0,7,0.0000e+00,1.0444e-01,1.2051e-01,4.1972e-03
4.750000000000002,0,7,0.0000e+00,1.0444e-01,9.7113e-02,3.3822e-03
4.850000000000001,1,7,1.5989e-02,1.0444e-01,7.8246e-02,2.7252e-03
4.950000000000002,1,6,1.5989e-02,8.8452e-02,6.3034e-02,2.1953e-03
5.0500000000000025,0,5,0.0000e+00,7.2463e-02,5.0768e-02,1.7682e-03
5.150000000000002,1,5,1.5989e-02,7.2463e-02,4.0878e-02,1.4237e-03
5.250000000000002,0,4,0.0000e+00,5.6474e-02,3.2904e-02,1.1460e-03
5.350000000000002,1,4,1.5989e-02,5.6474e-02,2.6474e-02,9.2205e-04
5.450000000000003,0,3,0.0000e+00,4.0485e-02,2.1290e-02,7.4149e-04
5.5500000000000025,0,3,0.0000e+00,4.0485e-02,1.7110e-02,5.9591e-04
5.650000000000002,1,3,1.5989e-02,4.0485e-02,1.3739e-02,4.7852e-04
5.750000000000003,0,2,0.0000e+00,2.4496e-02,1.1022e-02,3.8387e-04
5.850000000000003,1,2,1.5989e-02,2.4496e-02,8.8306e-03,3.0755e-04
5.950000000000003,0,1,0.0000e+00,8.5075e-03,7.0638e-03,2.4602e-04
6.0500000000000025,1,1,8.5075e-03,8.5075e-03,5.6392e-03,1.9640e-04
6.150000000000003,0,0,0.0000e+00,0.0000e+00,4.4905e-03,1.5640e-04
6.2500000000000036,0,0,0.0000e+00,0.0000e+00,3.5643e-03,1.2414e-04
6.350000000000003,0,0,0.0000e+00,0.0000e+00,2.8176e-03,9.8130e-05
6.450000000000003,0,0,0.0000e+00,0.0000e+00,2.2154e-03,7.7159e-05
6.550000000000003,0,0,0.0000e+00,0.0000e+00,1.7299e-03,6.0250e-05
6.650000000000004,0,0,0.0000e+00,0.0000e+00,1.3385e-03,4.6616e-05
6.7500000000000036,0,0,0.0000e+00,0.0000e+00,1.0228e-03,3.5623e-05
6.850000000000003,0,0,0.0000e+00,0.0000e+00,7.6832e-04,2.6759e-05
6.950000000000004,0,0,0.0000e+00,0.0000e+00,5.6311e-04,1.9612e-05
7.050000000000004,0,0,0.0000e+00,0.0000e+00,3.9765e-04,1.3849e-05
7.150000000000004,0,0,0.0000e+00,0.0000e+00,2.6424e-04,9.2029e-06
7.2500000000000036,0,0,0.0000e+00,0.0000e+00,1.5667e-04,5.4565e-06
7.350000000000005,0,0,0.0000e+00,0.0000e+00,6.9935e-05,2.4357e-06
7.450000000000005,0,0,0.0000e+00,0.0000e+00,0.0000e+00,0.0000e+00
