MAG,N_OBS,N_CUM,BIN_RTE,CUM_RTE,MFD_FIT,MFD_FIT_AREA_NORM
2.95,240,915,5.0480e+00,1.9176e+01,1.9176e+01,8.2201e-02
3.0500000000000003,156,675,3.2812e+00,1.4128e+01,1.4383e+01,6.1656e-02
3.1500000000000004,148,519,3.1129e+00,1.0847e+01,1.0788e+01,4.6246e-02
3.2500000000000004,94,371,1.9771e+00,7.7339e+00,8.0920e+00,3.4687e-02
3.3500000000000005,50,277,1.0517e+00,5.7568e+00,6.0695e+00,2.6018e-02
3.4500000000000006,63,227,1.3251e+00,4.7051e+00,4.5525e+00,1.9515e-02
3.5500000000000007,44,164,9.2547e-01,3.3800e+00,3.4147e+00,1.4637e-02
3.650000000000001,33,120,6.9410e-01,2.4546e+00,2.5612e+00,1.0979e-02
3.750000000000001,17,87,3.5757e-01,1.7605e+00,1.9211e+00,8.2349e-03
3.850000000000001,19,70,3.9963e-01,1.4029e+00,1.4409e+00,6.1767e-03
3.950000000000001,8,51,1.6827e-01,1.0033e+00,1.0808e+00,4.6328e-03
4.050000000000001,10,43,2.1033e-01,8.3499e-01,8.1063e-01,3.4749e-03
4.150000000000001,5,33,1.0517e-01,6.2465e-01,6.0801e-01,2.6063e-03
4.250000000000002,4,28,8.4134e-02,5.1949e-01,4.5604e-01,1.9549e-03
4.350000000000001,5,24,1.0517e-01,4.3535e-01,3.4205e-01,1.4662e-03
4.450000000000001,2,19,3.4756e-02,3.3019e-01,2.5655e-01,1.0997e-03
4.550000000000002,4,17,6.9513e-02,2.9543e-01,1.9241e-01,8.2481e-04
4.650000000000002,2,13,3.4756e-02,2.2592e-01,1.4431e-01,6.1861e-04
4.750000000000002,3,11,5.2135e-02,1.9116e-01,1.0823e-01,4.6395e-04
4.850000000000001,1,8,1.7378e-02,1.3903e-01,8.1170e-02,3.4794e-04
4.950000000000002,1,7,1.7378e-02,1.2165e-01,6.0871e-02,2.6093e-04
5.0500000000000025,1,6,1.7378e-02,1.0427e-01,4.5646e-02,1.9567e-04
5.150000000000002,1,5,1.7378e-02,8.6891e-02,3.4226e-02,1.4671e-04
5.250000000000002,1,4,1.7378e-02,6.9513e-02,2.5660e-02,1.1000e-04
5.350000000000002,1,3,1.7378e-02,5.2135e-02,1.9235e-02,8.2454e-05
5.450000000000003,0,2,0.0000e+00,3.4756e-02,1.4416e-02,6.1797e-05
5.5500000000000025,0,2,0.0000e+00,3.4756e-02,1.0802e-02,4.6302e-05
5.650000000000002,1,2,1.7378e-02,3.4756e-02,8.0904e-03,3.4681e-05
5.750000000000003,0,1,0.0000e+00,1.7378e-02,6.0568e-03,2.5964e-05
5.850000000000003,1,1,1.7378e-02,1.7378e-02,4.5315e-03,1.9425e-05
5.950000000000003,0,0,0.0000e+00,0.0000e+00,3.3875e-03,1.4521e-05
6.0500000000000025,0,0,0.0000e+00,0.0000e+00,2.5293e-03,1.0842e-05
6.150000000000003,0,0,0.0000e+00,0.0000e+00,1.8857e-03,8.0833e-06
6.2500000000000036,0,0,0.0000e+00,0.0000e+00,1.4029e-03,6.0137e-06
6.350000000000003,0,0,0.0000e+00,0.0000e+00,1.0408e-03,4.4615e-06
6.450000000000003,0,0,0.0000e+00,0.0000e+00,7.6918e-04,3.2972e-06
6.550000000000003,0,0,0.0000e+00,0.0000e+00,5.6545e-04,2.4239e-06
6.650000000000004,0,0,0.0000e+00,0.0000e+00,4.1264e-04,1.7688e-06
6.7500000000000036,0,0,0.0000e+00,0.0000e+00,2.9803e-04,1.2775e-06
6.850000000000003,0,0,0.0000e+00,0.0000e+00,2.1206e-04,9.0901e-07
6.950000000000004,0,0,0.0000e+00,0.0000e+00,1.4757e-04,6.3259e-07
7.050000000000003,0,0,0.0000e+00,0.0000e+00,9.9207e-05,4.2526e-07
7.150000000000004,0,0,0.0000e+00,0.0000e+00,6.2929e-05,2.6975e-07
7.250000000000004,0,0,0.0000e+00,0.0000e+00,3.5718e-05,1.5311e-07
7.350000000000004,0,0,0.0000e+00,0.0000e+00,1.5309e-05,6.5623e-08
7.450000000000004,0,0,0.0000e+00,0.0000e+00,-1.2241e-19,-5.2474e-22
