MAG,N_OBS,N_CUM,BIN_RTE,CUM_RTE,MFD_FIT,MFD_FIT_AREA_NORM
2.95,222,806,4.6694e+00,1.6891e+01,1.6891e+01,1.4506e-01
3.0500000000000003,144,584,3.0288e+00,1.2221e+01,1.2669e+01,1.0881e-01
3.1500000000000004,131,440,2.7554e+00,9.1926e+00,9.5027e+00,8.1612e-02
3.2500000000000004,72,309,1.5144e+00,6.4372e+00,7.1276e+00,6.1214e-02
3.3500000000000005,45,237,9.4650e-01,4.9228e+00,5.3462e+00,4.5915e-02
3.4500000000000006,51,192,1.0727e+00,3.9763e+00,4.0100e+00,3.4439e-02
3.5500000000000007,40,141,8.4134e-01,2.9036e+00,3.0077e+00,2.5831e-02
3.650000000000001,28,101,5.8894e-01,2.0622e+00,2.2560e+00,1.9375e-02
3.750000000000001,13,73,2.7343e-01,1.4733e+00,1.6921e+00,1.4532e-02
3.850000000000001,18,60,3.7860e-01,1.1999e+00,1.2692e+00,1.0900e-02
3.950000000000001,6,42,1.2620e-01,8.2126e-01,9.5196e-01,8.1758e-03
4.050000000000001,7,36,1.4723e-01,6.9506e-01,7.1402e-01,6.1323e-03
4.150000000000001,4,29,8.4134e-02,5.4783e-01,5.3555e-01,4.5995e-03
4.250000000000002,3,25,6.3100e-02,4.6370e-01,4.0169e-01,3.4499e-03
4.350000000000001,5,22,1.0517e-01,4.0060e-01,3.0128e-01,2.5875e-03
4.450000000000001,2,17,3.4756e-02,2.9543e-01,2.2597e-01,1.9407e-03
4.550000000000002,3,15,5.2135e-02,2.6067e-01,1.6948e-01,1.4556e-03
4.650000000000002,2,12,3.4756e-02,2.0854e-01,1.2711e-01,1.0917e-03
4.750000000000002,3,10,5.2135e-02,1.7378e-01,9.5333e-02,8.1876e-04
4.850000000000001,0,7,0.0000e+00,1.2165e-01,7.1496e-02,6.1403e-04
4.950000000000002,1,7,1.7378e-02,1.2165e-01,5.3617e-02,4.6048e-04
5.0500000000000025,1,6,1.7378e-02,1.0427e-01,4.0206e-02,3.4530e-04
5.150000000000002,1,5,1.7378e-02,8.6891e-02,3.0147e-02,2.5891e-04
5.250000000000002,1,4,1.7378e-02,6.9513e-02,2.2602e-02,1.9411e-04
5.350000000000002,1,3,1.7378e-02,5.2135e-02,1.6943e-02,1.4551e-04
5.450000000000003,0,2,0.0000e+00,3.4756e-02,1.2698e-02,1.0906e-04
5.5500000000000025,0,2,0.0000e+00,3.4756e-02,9.5143e-03,8.1712e-05
5.650000000000002,1,2,1.7378e-02,3.4756e-02,7.1262e-03,6.1202e-05
5.750000000000003,0,1,0.0000e+00,1.7378e-02,5.3350e-03,4.5819e-05
5.850000000000003,1,1,1.7378e-02,1.7378e-02,3.9915e-03,3.4280e-05
5.950000000000003,0,0,0.0000e+00,0.0000e+00,2.9838e-03,2.5626e-05
6.0500000000000025,0,0,0.0000e+00,0.0000e+00,2.2279e-03,1.9134e-05
6.150000000000003,0,0,0.0000e+00,0.0000e+00,1.6610e-03,1.4265e-05
6.2500000000000036,0,0,0.0000e+00,0.0000e+00,1.2357e-03,1.0613e-05
6.350000000000003,0,0,0.0000e+00,0.0000e+00,9.1675e-04,7.8734e-06
6.450000000000003,0,0,0.0000e+00,0.0000e+00,6.7751e-04,5.8187e-06
6.550000000000003,0,0,0.0000e+00,0.0000e+00,4.9806e-04,4.2775e-06
6.650000000000004,0,0,0.0000e+00,0.0000e+00,3.6346e-04,3.1216e-06
6.7500000000000036,0,0,0.0000e+00,0.0000e+00,2.6251e-04,2.2545e-06
6.850000000000003,0,0,0.0000e+00,0.0000e+00,1.8678e-04,1.6042e-06
6.950000000000004,0,0,0.0000e+00,0.0000e+00,1.2999e-04,1.1164e-06
7.050000000000003,0,0,0.0000e+00,0.0000e+00,8.7384e-05,7.5048e-07
7.150000000000004,0,0,0.0000e+00,0.0000e+00,5.5430e-05,4.7605e-07
7.250000000000004,0,0,0.0000e+00,0.0000e+00,3.1462e-05,2.7020e-07
7.350000000000004,0,0,0.0000e+00,0.0000e+00,1.3484e-05,1.1581e-07
7.450000000000004,0,0,0.0000e+00,0.0000e+00,-1.0783e-19,-9.2604e-22
