MAG,N_OBS,N_CUM,BIN_RTE,CUM_RTE,MFD_FIT,MFD_FIT_AREA_NORM
3.0500000000000003,7,45,2.5080e-01,1.4692e+00,1.5353e+00,2.4221e-01
3.1500000000000004,6,38,2.1498e-01,1.2184e+00,1.2184e+00,1.9222e-01
3.2500000000000004,6,32,2.1498e-01,1.0035e+00,9.6689e-01,1.5254e-01
3.3500000000000005,10,26,3.5829e-01,7.8849e-01,7.6731e-01,1.2105e-01
3.4500000000000006,2,16,7.1659e-02,4.3020e-01,6.0892e-01,9.6066e-02
3.5500000000000007,3,14,1.0749e-01,3.5854e-01,4.8323e-01,7.6236e-02
3.650000000000001,1,11,3.5829e-02,2.5105e-01,3.8348e-01,6.0499e-02
3.750000000000001,0,10,0.0000e+00,2.1522e-01,3.0431e-01,4.8010e-02
3.850000000000001,3,10,1.0749e-01,2.1522e-01,2.4149e-01,3.8098e-02
3.950000000000001,1,7,1.8900e-02,1.0774e-01,1.9163e-01,3.0233e-02
4.050000000000001,0,6,0.0000e+00,8.8835e-02,1.5207e-01,2.3991e-02
4.150000000000001,0,6,0.0000e+00,8.8835e-02,1.2067e-01,1.9037e-02
4.250000000000002,1,6,1.8900e-02,8.8835e-02,9.5750e-02,1.5106e-02
4.350000000000001,1,5,1.8900e-02,6.9935e-02,7.5975e-02,1.1986e-02
4.450000000000001,0,4,0.0000e+00,5.1036e-02,6.0281e-02,9.5102e-03
4.550000000000002,0,4,0.0000e+00,5.1036e-02,4.7827e-02,7.5453e-03
4.650000000000002,0,4,0.0000e+00,5.1036e-02,3.7943e-02,5.9861e-03
4.750000000000002,0,4,0.0000e+00,5.1036e-02,3.0099e-02,4.7486e-03
4.850000000000001,0,4,0.0000e+00,5.1036e-02,2.3875e-02,3.7666e-03
4.950000000000002,0,4,0.0000e+00,5.1036e-02,1.8935e-02,2.9872e-03
5.0500000000000025,0,4,0.0000e+00,5.1036e-02,1.5014e-02,2.3687e-03
5.150000000000002,1,4,1.5896e-02,5.1036e-02,1.1903e-02,1.8779e-03
5.250000000000002,0,3,0.0000e+00,3.5140e-02,9.4343e-03,1.4884e-03
5.350000000000002,1,3,1.5896e-02,3.5140e-02,7.4750e-03,1.1793e-03
5.450000000000003,0,2,0.0000e+00,1.9244e-02,5.9200e-03,9.3396e-04
5.5500000000000025,0,2,0.0000e+00,1.9244e-02,4.6860e-03,7.3927e-04
5.650000000000002,1,2,1.0763e-02,1.9244e-02,3.7067e-03,5.8477e-04
5.750000000000003,0,1,0.0000e+00,8.4810e-03,2.9295e-03,4.6216e-04
5.850000000000003,0,1,0.0000e+00,8.4810e-03,2.3127e-03,3.6486e-04
5.950000000000003,0,1,0.0000e+00,8.4810e-03,1.8232e-03,2.8764e-04
6.0500000000000025,1,1,8.4810e-03,8.4810e-03,1.4348e-03,2.2636e-04
6.150000000000003,0,0,0.0000e+00,0.0000e+00,1.1265e-03,1.7773e-04
6.2500000000000036,0,0,0.0000e+00,0.0000e+00,8.8191e-04,1.3913e-04
6.350000000000003,0,0,0.0000e+00,0.0000e+00,6.8776e-04,1.0850e-04
6.450000000000003,0,0,0.0000e+00,0.0000e+00,5.3369e-04,8.4197e-05
6.550000000000003,0,0,0.0000e+00,0.0000e+00,4.1142e-04,6.4907e-05
6.650000000000004,0,0,0.0000e+00,0.0000e+00,3.1439e-04,4.9599e-05
6.7500000000000036,0,0,0.0000e+00,0.0000e+00,2.3738e-04,3.7450e-05
6.850000000000003,0,0,0.0000e+00,0.0000e+00,1.7627e-04,2.7809e-05
6.950000000000004,0,0,0.0000e+00,0.0000e+00,1.2777e-04,2.0158e-05
7.050000000000004,0,0,0.0000e+00,0.0000e+00,8.9285e-05,1.4086e-05
7.150000000000004,0,0,0.0000e+00,0.0000e+00,5.8742e-05,9.2673e-06
7.2500000000000036,0,0,0.0000e+00,0.0000e+00,3.4502e-05,5.4432e-06
7.350000000000005,0,0,0.0000e+00,0.0000e+00,1.5266e-05,2.4084e-06
7.450000000000005,0,0,0.0000e+00,0.0000e+00,0.0000e+00,0.0000e+00
