MAG,N_OBS,N_CUM,BIN_RTE,CUM_RTE,MFD_FIT,MFD_FIT_AREA_NORM
5.55,3,38,1.6728e-01,1.1020e+00,1.0935e+00,8.1229e-02
5.6499999999999995,7,35,3.9031e-01,9.3473e-01,8.9133e-01,6.6211e-02
5.749999999999999,4,28,8.3447e-02,5.4442e-01,7.2625e-01,5.3948e-02
5.849999999999999,3,24,6.2586e-02,4.6097e-01,5.9145e-01,4.3935e-02
5.949999999999998,6,21,1.2517e-01,3.9839e-01,4.8139e-01,3.5759e-02
6.049999999999998,3,15,6.2586e-02,2.7322e-01,3.9151e-01,2.9082e-02
6.149999999999998,4,12,8.3447e-02,2.1063e-01,3.1812e-01,2.3631e-02
6.249999999999997,1,8,1.6968e-02,1.2718e-01,2.5820e-01,1.9180e-02
6.349999999999997,2,7,3.3936e-02,1.1022e-01,2.0927e-01,1.5545e-02
6.449999999999997,0,5,0.0000e+00,7.6280e-02,1.6932e-01,1.2577e-02
6.549999999999996,0,5,0.0000e+00,7.6280e-02,1.3670e-01,1.0154e-02
6.649999999999996,0,5,0.0000e+00,7.6280e-02,1.1006e-01,8.1754e-03
6.749999999999996,1,5,1.6968e-02,7.6280e-02,8.8306e-02,6.5596e-03
6.849999999999995,0,4,0.0000e+00,5.9312e-02,7.0545e-02,5.2403e-03
6.949999999999995,0,4,0.0000e+00,5.9312e-02,5.6043e-02,4.1630e-03
7.0499999999999945,1,4,1.6968e-02,5.9312e-02,4.4201e-02,3.2834e-03
7.149999999999994,1,3,1.6968e-02,4.2344e-02,3.4532e-02,2.5651e-03
7.249999999999994,0,2,0.0000e+00,2.5376e-02,2.6636e-02,1.9786e-03
7.349999999999993,0,2,0.0000e+00,2.5376e-02,2.0189e-02,1.4997e-03
7.449999999999993,1,2,1.6968e-02,2.5376e-02,1.4925e-02,1.1087e-03
7.549999999999993,0,1,0.0000e+00,8.4080e-03,1.0627e-02,7.8938e-04
7.649999999999992,0,1,0.0000e+00,8.4080e-03,7.1169e-03,5.2866e-04
7.749999999999992,0,1,0.0000e+00,8.4080e-03,4.2510e-03,3.1577e-04
7.849999999999992,0,1,0.0000e+00,8.4080e-03,1.9108e-03,1.4194e-04
7.949999999999991,1,1,8.4080e-03,8.4080e-03,1.9108e-03,1.4194e-04
