MAG,N_OBS,N_CUM,BIN_RTE,CUM_RTE,MFD_FIT,MFD_FIT_AREA_NORM
3.0500000000000003,88,473,2.0210e+00,1.0414e+01,1.0434e+01,4.9796e-02
3.1500000000000004,69,385,1.5846e+00,8.3926e+00,8.3918e+00,4.0050e-02
3.2500000000000004,69,316,1.5846e+00,6.8079e+00,6.7493e+00,3.2211e-02
3.3500000000000005,52,247,1.1942e+00,5.2233e+00,5.4283e+00,2.5906e-02
3.4500000000000006,25,195,5.7414e-01,4.0291e+00,4.3658e+00,2.0835e-02
3.5500000000000007,35,170,8.0380e-01,3.4550e+00,3.5112e+00,1.6757e-02
3.650000000000001,19,135,4.3635e-01,2.6512e+00,2.8239e+00,1.3477e-02
3.750000000000001,14,116,3.2152e-01,2.2148e+00,2.2711e+00,1.0839e-02
3.850000000000001,15,102,3.4448e-01,1.8933e+00,1.8265e+00,8.7167e-03
3.950000000000001,9,87,1.7129e-01,1.5488e+00,1.4689e+00,7.0101e-03
4.050000000000001,15,78,2.8548e-01,1.3775e+00,1.1813e+00,5.6375e-03
4.150000000000001,13,63,2.4741e-01,1.0921e+00,9.4993e-01,4.5335e-03
4.250000000000002,11,50,2.0935e-01,8.4464e-01,7.6388e-01,3.6456e-03
4.350000000000001,8,39,1.5226e-01,6.3529e-01,6.1424e-01,2.9314e-03
4.450000000000001,6,31,1.1419e-01,4.8304e-01,4.9388e-01,2.3570e-03
4.550000000000002,4,25,6.3956e-02,3.6884e-01,3.9708e-01,1.8951e-03
4.650000000000002,2,21,3.1978e-02,3.0489e-01,3.1923e-01,1.5235e-03
4.750000000000002,2,19,3.1978e-02,2.7291e-01,2.5661e-01,1.2247e-03
4.850000000000001,3,17,4.7967e-02,2.4093e-01,2.0625e-01,9.8432e-04
4.950000000000002,4,14,6.1974e-02,1.9297e-01,1.6574e-01,7.9101e-04
5.0500000000000025,0,10,0.0000e+00,1.3099e-01,1.3317e-01,6.3553e-04
5.150000000000002,1,10,1.5493e-02,1.3099e-01,1.0696e-01,5.1048e-04
5.250000000000002,1,9,1.5493e-02,1.1550e-01,8.5889e-02,4.0990e-04
5.350000000000002,3,8,4.6480e-02,1.0001e-01,6.8939e-02,3.2901e-04
5.450000000000003,0,5,0.0000e+00,5.3525e-02,5.5306e-02,2.6395e-04
5.5500000000000025,0,5,0.0000e+00,5.3525e-02,4.4341e-02,2.1162e-04
5.650000000000002,1,5,1.5493e-02,5.3525e-02,3.5523e-02,1.6953e-04
5.750000000000003,0,4,0.0000e+00,3.8032e-02,2.8430e-02,1.3568e-04
5.850000000000003,1,4,1.5493e-02,3.8032e-02,2.2725e-02,1.0845e-04
5.950000000000003,0,3,0.0000e+00,2.2538e-02,1.8137e-02,8.6557e-05
6.0500000000000025,1,3,8.5075e-03,2.2538e-02,1.4447e-02,6.8946e-05
6.150000000000003,0,2,0.0000e+00,1.4031e-02,1.1479e-02,5.4781e-05
6.2500000000000036,0,2,0.0000e+00,1.4031e-02,9.0914e-03,4.3388e-05
6.350000000000003,0,2,0.0000e+00,1.4031e-02,7.1714e-03,3.4225e-05
6.450000000000003,1,2,7.0154e-03,1.4031e-02,5.6272e-03,2.6856e-05
6.550000000000003,1,1,7.0154e-03,7.0154e-03,4.3852e-03,2.0928e-05
6.650000000000004,0,0,0.0000e+00,0.0000e+00,3.3863e-03,1.6161e-05
6.7500000000000036,0,0,0.0000e+00,0.0000e+00,2.5829e-03,1.2327e-05
6.850000000000003,0,0,0.0000e+00,0.0000e+00,1.9367e-03,9.2429e-06
6.950000000000004,0,0,0.0000e+00,0.0000e+00,1.4170e-03,6.7626e-06
7.050000000000004,0,0,0.0000e+00,0.0000e+00,9.9899e-04,4.7676e-06
7.150000000000004,0,0,0.0000e+00,0.0000e+00,6.6279e-04,3.1632e-06
7.2500000000000036,0,0,0.0000e+00,0.0000e+00,3.9240e-04,1.8727e-06
7.350000000000005,0,0,0.0000e+00,0.0000e+00,1.7492e-04,8.3478e-07
7.450000000000005,0,0,0.0000e+00,0.0000e+00,0.0000e+00,0.0000e+00
