MAG,N_OBS,N_CUM,BIN_RTE,CUM_RTE,MFD_FIT,MFD_FIT_AREA_NORM
3.0500000000000003,14,87,3.6929e-01,2.1901e+00,2.6432e+00,2.0920e-01
3.1500000000000004,11,73,2.9016e-01,1.8208e+00,2.0746e+00,1.6419e-01
3.2500000000000004,11,62,2.9016e-01,1.5307e+00,1.6283e+00,1.2887e-01
3.3500000000000005,9,51,2.3740e-01,1.2405e+00,1.2780e+00,1.0114e-01
3.4500000000000006,8,42,2.1103e-01,1.0031e+00,1.0030e+00,7.9384e-02
3.5500000000000007,5,34,1.3189e-01,7.9210e-01,7.8722e-01,6.2305e-02
3.650000000000001,9,29,2.3740e-01,6.6021e-01,6.1785e-01,4.8900e-02
3.750000000000001,2,20,5.2756e-02,4.2280e-01,4.8491e-01,3.8378e-02
3.850000000000001,4,18,1.0551e-01,3.7005e-01,3.8057e-01,3.0120e-02
3.950000000000001,2,14,5.2756e-02,2.6453e-01,2.9868e-01,2.3639e-02
4.050000000000001,3,12,5.6700e-02,2.1178e-01,2.3441e-01,1.8552e-02
4.150000000000001,0,9,0.0000e+00,1.5508e-01,1.8396e-01,1.4559e-02
4.250000000000002,3,9,5.6700e-02,1.5508e-01,1.4436e-01,1.1425e-02
4.350000000000001,1,6,1.8900e-02,9.8378e-02,1.1328e-01,8.9658e-03
4.450000000000001,0,5,0.0000e+00,7.9478e-02,8.8892e-02,7.0353e-03
4.550000000000002,1,5,1.5896e-02,7.9478e-02,6.9747e-02,5.5201e-03
4.650000000000002,1,4,1.5896e-02,6.3583e-02,5.4721e-02,4.3309e-03
4.750000000000002,2,3,3.1791e-02,4.7687e-02,4.2927e-02,3.3975e-03
4.850000000000001,0,1,0.0000e+00,1.5896e-02,3.3671e-02,2.6649e-03
4.950000000000002,0,1,0.0000e+00,1.5896e-02,2.6406e-02,2.0899e-03
5.0500000000000025,0,1,0.0000e+00,1.5896e-02,2.0703e-02,1.6386e-03
5.150000000000002,0,1,0.0000e+00,1.5896e-02,1.6228e-02,1.2844e-03
5.250000000000002,1,1,1.5896e-02,1.5896e-02,1.2715e-02,1.0063e-03
5.350000000000002,0,0,0.0000e+00,0.0000e+00,9.9581e-03,7.8813e-04
5.450000000000003,0,0,0.0000e+00,0.0000e+00,7.7942e-03,6.1687e-04
5.5500000000000025,0,0,0.0000e+00,0.0000e+00,6.0957e-03,4.8245e-04
5.650000000000002,0,0,0.0000e+00,0.0000e+00,4.7627e-03,3.7694e-04
5.750000000000003,0,0,0.0000e+00,0.0000e+00,3.7164e-03,2.9413e-04
5.850000000000003,0,0,0.0000e+00,0.0000e+00,2.8952e-03,2.2914e-04
5.950000000000003,0,0,0.0000e+00,0.0000e+00,2.2507e-03,1.7813e-04
6.0500000000000025,0,0,0.0000e+00,0.0000e+00,1.7448e-03,1.3809e-04
6.150000000000003,0,0,0.0000e+00,0.0000e+00,1.3478e-03,1.0667e-04
6.2500000000000036,0,0,0.0000e+00,0.0000e+00,1.0361e-03,8.2003e-05
6.350000000000003,0,0,0.0000e+00,0.0000e+00,7.9152e-04,6.2645e-05
6.450000000000003,0,0,0.0000e+00,0.0000e+00,5.9955e-04,4.7451e-05
6.550000000000003,0,0,0.0000e+00,0.0000e+00,4.4887e-04,3.5526e-05
6.650000000000004,0,0,0.0000e+00,0.0000e+00,3.3061e-04,2.6166e-05
6.7500000000000036,0,0,0.0000e+00,0.0000e+00,2.3778e-04,1.8819e-05
6.850000000000003,0,0,0.0000e+00,0.0000e+00,1.6493e-04,1.3053e-05
6.950000000000004,0,0,0.0000e+00,0.0000e+00,1.0775e-04,8.5279e-06
7.050000000000004,0,0,0.0000e+00,0.0000e+00,6.2872e-05,4.9760e-06
7.150000000000004,0,0,0.0000e+00,0.0000e+00,2.7647e-05,2.1881e-06
7.2500000000000036,0,0,0.0000e+00,0.0000e+00,-2.2397e-19,-1.7726e-20
