MAG,N_OBS,N_CUM,BIN_RTE,CUM_RTE,MFD_FIT,MFD_FIT_AREA_NORM
5.55,1,41,5.5759e-02,9.2094e-01,9.1791e-01,9.8222e-02
5.6499999999999995,3,40,1.6728e-01,8.6518e-01,7.4218e-01,7.9417e-02
5.749999999999999,4,37,8.3447e-02,6.9791e-01,5.9997e-01,6.4200e-02
5.849999999999999,3,33,6.2586e-02,6.1446e-01,4.8491e-01,5.1888e-02
5.949999999999998,5,30,1.0431e-01,5.5187e-01,3.9180e-01,4.1924e-02
6.049999999999998,5,25,1.0431e-01,4.4756e-01,3.1646e-01,3.3862e-02
6.149999999999998,1,20,2.0862e-02,3.4325e-01,2.5549e-01,2.7339e-02
6.249999999999997,6,19,1.0181e-01,3.2239e-01,2.0616e-01,2.2060e-02
6.349999999999997,3,13,5.0904e-02,2.2058e-01,1.6624e-01,1.7789e-02
6.449999999999997,1,10,1.6968e-02,1.6968e-01,1.3394e-01,1.4332e-02
6.549999999999996,3,9,5.0904e-02,1.5271e-01,1.0780e-01,1.1536e-02
6.649999999999996,1,6,1.6968e-02,1.0181e-01,8.6654e-02,9.2724e-03
6.749999999999996,0,5,0.0000e+00,8.4840e-02,6.9540e-02,7.4412e-03
6.849999999999995,0,5,0.0000e+00,8.4840e-02,5.5692e-02,5.9594e-03
6.949999999999995,0,5,0.0000e+00,8.4840e-02,4.4487e-02,4.7603e-03
7.0499999999999945,2,5,3.3936e-02,8.4840e-02,3.5419e-02,3.7901e-03
7.149999999999994,0,3,0.0000e+00,5.0904e-02,2.8082e-02,3.0050e-03
7.249999999999994,0,3,0.0000e+00,5.0904e-02,2.2145e-02,2.3697e-03
7.349999999999993,2,3,3.3936e-02,5.0904e-02,1.7341e-02,1.8556e-03
7.449999999999993,1,1,1.6968e-02,1.6968e-02,1.3454e-02,1.4397e-03
7.549999999999993,0,0,0.0000e+00,0.0000e+00,1.0309e-02,1.1031e-03
7.649999999999992,0,0,0.0000e+00,0.0000e+00,7.7634e-03,8.3072e-04
7.749999999999992,0,0,0.0000e+00,0.0000e+00,5.7038e-03,6.1034e-04
7.849999999999992,0,0,0.0000e+00,0.0000e+00,4.0372e-03,4.3201e-04
7.949999999999991,0,0,0.0000e+00,0.0000e+00,2.6887e-03,2.8770e-04
8.04999999999999,0,0,0.0000e+00,0.0000e+00,1.5975e-03,1.7094e-04
8.149999999999991,0,0,0.0000e+00,0.0000e+00,7.1449e-04,7.6455e-05
8.24999999999999,0,0,0.0000e+00,0.0000e+00,7.1449e-04,7.6455e-05
