MAG,N_OBS,N_CUM,BIN_RTE,CUM_RTE,MFD_FIT,MFD_FIT_AREA_NORM
3.0500000000000003,9,50,2.3972e-01,1.2620e+00,1.4077e+00,1.4290e-01
3.1500000000000004,6,41,1.5982e-01,1.0222e+00,1.1018e+00,1.1185e-01
3.2500000000000004,4,35,1.0654e-01,8.6242e-01,8.6237e-01,8.7543e-02
3.3500000000000005,12,31,3.1963e-01,7.5587e-01,6.7497e-01,6.8520e-02
3.4500000000000006,2,19,5.3272e-02,4.3624e-01,5.2830e-01,5.3630e-02
3.5500000000000007,2,17,5.3272e-02,3.8297e-01,4.1349e-01,4.1975e-02
3.650000000000001,3,15,7.9908e-02,3.2970e-01,3.2363e-01,3.2853e-02
3.750000000000001,3,12,7.9908e-02,2.4979e-01,2.5330e-01,2.5714e-02
3.850000000000001,2,9,5.3272e-02,1.6988e-01,1.9825e-01,2.0125e-02
3.950000000000001,0,7,0.0000e+00,1.1661e-01,1.5516e-01,1.5751e-02
4.050000000000001,2,7,3.8064e-02,1.1661e-01,1.2144e-01,1.2327e-02
4.150000000000001,0,5,0.0000e+00,7.8549e-02,9.5038e-02,9.6478e-03
4.250000000000002,1,5,1.9032e-02,7.8549e-02,7.4377e-02,7.5503e-03
4.350000000000001,1,4,1.9032e-02,5.9517e-02,5.8205e-02,5.9087e-03
4.450000000000001,0,3,0.0000e+00,4.0485e-02,4.5547e-02,4.6237e-03
4.550000000000002,0,3,0.0000e+00,4.0485e-02,3.5640e-02,3.6180e-03
4.650000000000002,0,3,0.0000e+00,4.0485e-02,2.7885e-02,2.8307e-03
4.750000000000002,1,3,1.5989e-02,4.0485e-02,2.1816e-02,2.2146e-03
4.850000000000001,0,2,0.0000e+00,2.4496e-02,1.7065e-02,1.7323e-03
4.950000000000002,0,2,0.0000e+00,2.4496e-02,1.3346e-02,1.3549e-03
5.0500000000000025,1,2,1.5989e-02,2.4496e-02,1.0436e-02,1.0594e-03
5.150000000000002,0,1,0.0000e+00,8.5075e-03,8.1579e-03,8.2814e-04
5.250000000000002,0,1,0.0000e+00,8.5075e-03,6.3749e-03,6.4714e-04
5.350000000000002,0,1,0.0000e+00,8.5075e-03,4.9793e-03,5.0547e-04
5.450000000000003,0,1,0.0000e+00,8.5075e-03,3.8869e-03,3.9458e-04
5.5500000000000025,0,1,0.0000e+00,8.5075e-03,3.0319e-03,3.0778e-04
5.650000000000002,0,1,0.0000e+00,8.5075e-03,2.3627e-03,2.3985e-04
5.750000000000003,0,1,0.0000e+00,8.5075e-03,1.8389e-03,1.8668e-04
5.850000000000003,0,1,0.0000e+00,8.5075e-03,1.4290e-03,1.4506e-04
5.950000000000003,0,1,0.0000e+00,8.5075e-03,1.1081e-03,1.1248e-04
6.0500000000000025,0,1,0.0000e+00,8.5075e-03,8.5689e-04,8.6987e-05
6.150000000000003,1,1,8.5075e-03,8.5075e-03,6.6030e-04,6.7030e-05
6.2500000000000036,0,0,0.0000e+00,0.0000e+00,5.0643e-04,5.1410e-05
6.350000000000003,0,0,0.0000e+00,0.0000e+00,3.8600e-04,3.9184e-05
6.450000000000003,0,0,0.0000e+00,0.0000e+00,2.9173e-04,2.9615e-05
6.550000000000003,0,0,0.0000e+00,0.0000e+00,2.1794e-04,2.2125e-05
6.650000000000004,0,0,0.0000e+00,0.0000e+00,1.6019e-04,1.6262e-05
6.7500000000000036,0,0,0.0000e+00,0.0000e+00,1.1499e-04,1.1673e-05
6.850000000000003,0,0,0.0000e+00,0.0000e+00,7.9611e-05,8.0817e-06
6.950000000000004,0,0,0.0000e+00,0.0000e+00,5.1919e-05,5.2705e-06
7.050000000000004,0,0,0.0000e+00,0.0000e+00,3.0244e-05,3.0702e-06
7.150000000000004,0,0,0.0000e+00,0.0000e+00,1.3279e-05,1.3480e-06
7.2500000000000036,0,0,0.0000e+00,0.0000e+00,-1.0621e-19,-1.0782e-20
