MAG,N_OBS,N_CUM,BIN_RTE,CUM_RTE,MFD_FIT,MFD_FIT_AREA_NORM
3.0500000000000003,9,81,3.2246e-01,2.6051e+00,2.8763e+00,1.4953e-01
3.1500000000000004,11,72,3.9412e-01,2.2827e+00,2.2826e+00,1.1867e-01
3.2500000000000004,11,61,3.9412e-01,1.8886e+00,1.8114e+00,9.4174e-02
3.3500000000000005,7,50,2.5080e-01,1.4944e+00,1.4375e+00,7.4735e-02
3.4500000000000006,8,43,2.8663e-01,1.2436e+00,1.1408e+00,5.9308e-02
3.5500000000000007,10,35,3.5829e-01,9.5699e-01,9.0530e-01,4.7065e-02
3.650000000000001,2,25,7.1659e-02,5.9870e-01,7.1842e-01,3.7350e-02
3.750000000000001,5,23,1.7915e-01,5.2704e-01,5.7011e-01,2.9640e-02
3.850000000000001,2,18,7.1659e-02,3.4790e-01,4.5242e-01,2.3521e-02
3.950000000000001,1,16,1.8900e-02,2.7624e-01,3.5901e-01,1.8665e-02
4.050000000000001,2,15,3.7800e-02,2.5734e-01,2.8489e-01,1.4811e-02
4.150000000000001,1,13,1.8900e-02,2.1954e-01,2.2606e-01,1.1753e-02
4.250000000000002,4,12,7.5600e-02,2.0064e-01,1.7938e-01,9.3259e-03
4.350000000000001,0,8,0.0000e+00,1.2504e-01,1.4233e-01,7.3998e-03
4.450000000000001,1,8,1.8900e-02,1.2504e-01,1.1293e-01,5.8713e-03
4.550000000000002,3,7,4.7687e-02,1.0614e-01,8.9601e-02,4.6582e-03
4.650000000000002,1,4,1.5896e-02,5.8450e-02,7.1084e-02,3.6956e-03
4.750000000000002,0,3,0.0000e+00,4.2554e-02,5.6390e-02,2.9316e-03
4.850000000000001,2,3,3.1791e-02,4.2554e-02,4.4728e-02,2.3254e-03
4.950000000000002,0,1,0.0000e+00,1.0763e-02,3.5473e-02,1.8442e-03
5.0500000000000025,0,1,0.0000e+00,1.0763e-02,2.8129e-02,1.4624e-03
5.150000000000002,0,1,0.0000e+00,1.0763e-02,2.2300e-02,1.1594e-03
5.250000000000002,0,1,0.0000e+00,1.0763e-02,1.7675e-02,9.1889e-04
5.350000000000002,0,1,0.0000e+00,1.0763e-02,1.4004e-02,7.2805e-04
5.450000000000003,0,1,0.0000e+00,1.0763e-02,1.1091e-02,5.7659e-04
5.5500000000000025,0,1,0.0000e+00,1.0763e-02,8.7789e-03,4.5640e-04
5.650000000000002,0,1,0.0000e+00,1.0763e-02,6.9442e-03,3.6102e-04
5.750000000000003,0,1,0.0000e+00,1.0763e-02,5.4882e-03,2.8532e-04
5.850000000000003,1,1,1.0763e-02,1.0763e-02,4.3327e-03,2.2525e-04
5.950000000000003,0,0,0.0000e+00,0.0000e+00,3.4157e-03,1.7758e-04
6.0500000000000025,0,0,0.0000e+00,0.0000e+00,2.6880e-03,1.3975e-04
6.150000000000003,0,0,0.0000e+00,0.0000e+00,2.1105e-03,1.0972e-04
6.2500000000000036,0,0,0.0000e+00,0.0000e+00,1.6522e-03,8.5896e-05
6.350000000000003,0,0,0.0000e+00,0.0000e+00,1.2885e-03,6.6987e-05
6.450000000000003,0,0,0.0000e+00,0.0000e+00,9.9984e-04,5.1980e-05
6.550000000000003,0,0,0.0000e+00,0.0000e+00,7.7077e-04,4.0072e-05
6.650000000000004,0,0,0.0000e+00,0.0000e+00,5.8898e-04,3.0621e-05
6.7500000000000036,0,0,0.0000e+00,0.0000e+00,4.4472e-04,2.3121e-05
6.850000000000003,0,0,0.0000e+00,0.0000e+00,3.3023e-04,1.7168e-05
6.950000000000004,0,0,0.0000e+00,0.0000e+00,2.3937e-04,1.2445e-05
7.050000000000004,0,0,0.0000e+00,0.0000e+00,1.6727e-04,8.6962e-06
7.150000000000004,0,0,0.0000e+00,0.0000e+00,1.1005e-04,5.7213e-06
7.2500000000000036,0,0,0.0000e+00,0.0000e+00,6.4638e-05,3.3604e-06
7.350000000000005,0,0,0.0000e+00,0.0000e+00,2.8600e-05,1.4869e-06
7.450000000000005,0,0,0.0000e+00,0.0000e+00,0.0000e+00,0.0000e+00
