MAG,N_OBS,N_CUM,BIN_RTE,CUM_RTE,MFD_FIT,MFD_FIT_AREA_NORM
2.95,76,286,1.2152e+00,4.5311e+00,3.8614e+00,6.2698e-01
3.0500000000000003,53,210,8.4741e-01,3.3159e+00,3.0872e+00,5.0128e-01
3.1500000000000004,34,157,5.4362e-01,2.4685e+00,2.4683e+00,4.0078e-01
3.2500000000000004,28,123,4.4769e-01,1.9249e+00,1.9734e+00,3.2043e-01
3.3500000000000005,22,95,3.5176e-01,1.4772e+00,1.5777e+00,2.5618e-01
3.4500000000000006,13,73,2.0786e-01,1.1255e+00,1.2614e+00,2.0482e-01
3.5500000000000007,14,60,2.2384e-01,9.1760e-01,1.0085e+00,1.6375e-01
3.650000000000001,14,46,2.2384e-01,6.9375e-01,8.0625e-01,1.3091e-01
3.750000000000001,4,32,6.3956e-02,4.6991e-01,6.4457e-01,1.0466e-01
3.850000000000001,1,28,1.5989e-02,4.0595e-01,5.1530e-01,8.3670e-02
3.950000000000001,3,27,4.7967e-02,3.8996e-01,4.1195e-01,6.6889e-02
4.050000000000001,6,24,9.1542e-02,3.4200e-01,3.2931e-01,5.3471e-02
4.150000000000001,4,18,6.1028e-02,2.5046e-01,2.6324e-01,4.2743e-02
4.250000000000002,3,14,4.5771e-02,1.8943e-01,2.1042e-01,3.4166e-02
4.350000000000001,3,11,4.5771e-02,1.4366e-01,1.6818e-01,2.7308e-02
4.450000000000001,0,8,0.0000e+00,9.7885e-02,1.3442e-01,2.1826e-02
4.550000000000002,2,8,2.7570e-02,9.7885e-02,1.0742e-01,1.7442e-02
4.650000000000002,1,6,1.3785e-02,7.0315e-02,8.5833e-02,1.3937e-02
4.750000000000002,0,5,0.0000e+00,5.6530e-02,6.8575e-02,1.1135e-02
4.850000000000001,0,5,0.0000e+00,5.6530e-02,5.4776e-02,8.8941e-03
4.950000000000002,2,5,2.7570e-02,5.6530e-02,4.3744e-02,7.1028e-03
5.0500000000000025,0,3,0.0000e+00,2.8961e-02,3.4923e-02,5.6705e-03
5.150000000000002,0,3,0.0000e+00,2.8961e-02,2.7871e-02,4.5254e-03
5.250000000000002,1,3,1.3785e-02,2.8961e-02,2.2232e-02,3.6099e-03
5.350000000000002,0,2,0.0000e+00,1.5176e-02,1.7724e-02,2.8778e-03
5.450000000000003,0,2,0.0000e+00,1.5176e-02,1.4119e-02,2.2926e-03
5.5500000000000025,0,2,0.0000e+00,1.5176e-02,1.1237e-02,1.8246e-03
5.650000000000002,0,2,0.0000e+00,1.5176e-02,8.9333e-03,1.4505e-03
5.750000000000003,0,2,0.0000e+00,1.5176e-02,7.0910e-03,1.1514e-03
5.850000000000003,0,2,0.0000e+00,1.5176e-02,5.6181e-03,9.1223e-04
5.950000000000003,0,2,0.0000e+00,1.5176e-02,4.4405e-03,7.2101e-04
6.0500000000000025,1,2,8.1604e-03,1.5176e-02,3.4989e-03,5.6813e-04
6.150000000000003,0,1,0.0000e+00,7.0154e-03,2.7461e-03,4.4589e-04
6.2500000000000036,0,1,0.0000e+00,7.0154e-03,2.1442e-03,3.4816e-04
6.350000000000003,0,1,0.0000e+00,7.0154e-03,1.6630e-03,2.7003e-04
6.450000000000003,0,1,0.0000e+00,7.0154e-03,1.2783e-03,2.0755e-04
6.550000000000003,1,1,7.0154e-03,7.0154e-03,9.7064e-04,1.5760e-04
6.650000000000004,0,0,0.0000e+00,0.0000e+00,7.2468e-04,1.1767e-04
6.7500000000000036,0,0,0.0000e+00,0.0000e+00,5.2804e-04,8.5739e-05
6.850000000000003,0,0,0.0000e+00,0.0000e+00,3.7081e-04,6.0210e-05
6.950000000000004,0,0,0.0000e+00,0.0000e+00,2.4511e-04,3.9799e-05
7.050000000000003,0,0,0.0000e+00,0.0000e+00,1.4460e-04,2.3480e-05
7.150000000000004,0,0,0.0000e+00,0.0000e+00,6.4248e-05,1.0432e-05
7.250000000000004,0,0,0.0000e+00,0.0000e+00,0.0000e+00,0.0000e+00
