MAG,N_OBS,N_CUM,BIN_RTE,CUM_RTE,MFD_FIT,MFD_FIT_AREA_NORM
3.0500000000000003,73,463,1.9444e+00,1.1510e+01,1.1736e+01,9.7637e-02
3.1500000000000004,47,390,1.2519e+00,9.5659e+00,9.5653e+00,7.9579e-02
3.2500000000000004,67,343,1.7846e+00,8.3140e+00,7.7963e+00,6.4861e-02
3.3500000000000005,52,276,1.3851e+00,6.5294e+00,6.3543e+00,5.2865e-02
3.4500000000000006,35,224,9.3225e-01,5.1443e+00,5.1791e+00,4.3088e-02
3.5500000000000007,26,189,6.9253e-01,4.2121e+00,4.2212e+00,3.5118e-02
3.650000000000001,29,163,7.7244e-01,3.5195e+00,3.4404e+00,2.8623e-02
3.750000000000001,16,134,4.2617e-01,2.7471e+00,2.8041e+00,2.3329e-02
3.850000000000001,18,118,4.7945e-01,2.3209e+00,2.2854e+00,1.9014e-02
3.950000000000001,10,100,2.6636e-01,1.8415e+00,1.8627e+00,1.5496e-02
4.050000000000001,21,90,3.9967e-01,1.5751e+00,1.5181e+00,1.2630e-02
4.150000000000001,10,69,1.9032e-01,1.1754e+00,1.2372e+00,1.0293e-02
4.250000000000002,15,59,2.8548e-01,9.8511e-01,1.0083e+00,8.3888e-03
4.350000000000001,7,44,1.3322e-01,6.9964e-01,8.2175e-01,6.8366e-03
4.450000000000001,5,37,9.5159e-02,5.6641e-01,6.6968e-01,5.5715e-03
4.550000000000002,11,32,1.7588e-01,4.7125e-01,5.4574e-01,4.5403e-03
4.650000000000002,1,21,1.5989e-02,2.9538e-01,4.4471e-01,3.6998e-03
4.750000000000002,1,20,1.5989e-02,2.7939e-01,3.6237e-01,3.0148e-03
4.850000000000001,4,19,6.3956e-02,2.6340e-01,2.9526e-01,2.4564e-03
4.950000000000002,1,15,1.5989e-02,1.9944e-01,2.4056e-01,2.0013e-03
5.0500000000000025,4,14,6.3956e-02,1.8345e-01,1.9597e-01,1.6304e-03
5.150000000000002,1,10,1.5989e-02,1.1950e-01,1.5964e-01,1.3281e-03
5.250000000000002,2,9,3.1978e-02,1.0351e-01,1.3002e-01,1.0817e-03
5.350000000000002,1,7,1.5989e-02,7.1531e-02,1.0587e-01,8.8083e-04
5.450000000000003,0,6,0.0000e+00,5.5542e-02,8.6198e-02,7.1713e-04
5.5500000000000025,0,6,0.0000e+00,5.5542e-02,7.0160e-02,5.8370e-04
5.650000000000002,0,6,0.0000e+00,5.5542e-02,5.7088e-02,4.7495e-04
5.750000000000003,0,6,0.0000e+00,5.5542e-02,4.6434e-02,3.8631e-04
5.850000000000003,1,6,1.5989e-02,5.5542e-02,3.7750e-02,3.1406e-04
5.950000000000003,0,5,0.0000e+00,3.9553e-02,3.0672e-02,2.5518e-04
6.0500000000000025,0,5,0.0000e+00,3.9553e-02,2.4903e-02,2.0718e-04
6.150000000000003,3,5,2.5522e-02,3.9553e-02,2.0201e-02,1.6806e-04
6.2500000000000036,0,2,0.0000e+00,1.4031e-02,1.6369e-02,1.3618e-04
6.350000000000003,0,2,0.0000e+00,1.4031e-02,1.3245e-02,1.1019e-04
6.450000000000003,0,2,0.0000e+00,1.4031e-02,1.0699e-02,8.9009e-05
6.550000000000003,1,2,7.0154e-03,1.4031e-02,8.6236e-03,7.1744e-05
6.650000000000004,0,1,0.0000e+00,7.0154e-03,6.9322e-03,5.7672e-05
6.7500000000000036,1,1,7.0154e-03,7.0154e-03,5.5536e-03,4.6203e-05
6.850000000000003,0,0,0.0000e+00,0.0000e+00,4.4299e-03,3.6855e-05
6.950000000000004,0,0,0.0000e+00,0.0000e+00,3.5141e-03,2.9235e-05
7.050000000000004,0,0,0.0000e+00,0.0000e+00,2.7676e-03,2.3025e-05
7.150000000000004,0,0,0.0000e+00,0.0000e+00,2.1592e-03,1.7963e-05
7.2500000000000036,0,0,0.0000e+00,0.0000e+00,1.6633e-03,1.3838e-05
7.350000000000005,0,0,0.0000e+00,0.0000e+00,1.2591e-03,1.0475e-05
7.450000000000005,0,0,0.0000e+00,0.0000e+00,9.2965e-04,7.7342e-06
7.550000000000004,0,0,0.0000e+00,0.0000e+00,6.6113e-04,5.5003e-06
7.650000000000004,0,0,0.0000e+00,0.0000e+00,4.4228e-04,3.6795e-06
7.750000000000005,0,0,0.0000e+00,0.0000e+00,2.6390e-04,2.1955e-06
7.850000000000005,0,0,0.0000e+00,0.0000e+00,1.1850e-04,9.8590e-07
7.950000000000005,0,0,0.0000e+00,0.0000e+00,-9.2775e-19,-7.7184e-21
