MAG,N_OBS,N_CUM,BIN_RTE,CUM_RTE,MFD_FIT,MFD_FIT_AREA_NORM
3.1500000000000004,9,43,4.1401e-01,1.3605e+00,1.2149e+00,1.3979e-02
3.2500000000000004,4,34,1.8400e-01,9.4650e-01,9.7319e-01,1.1198e-02
3.3500000000000005,3,30,1.3800e-01,7.6250e-01,7.7955e-01,8.9695e-03
3.4500000000000006,8,27,1.9167e-01,6.2450e-01,6.2444e-01,7.1848e-03
3.5500000000000007,3,19,7.1876e-02,4.3283e-01,5.0019e-01,5.7552e-03
3.650000000000001,2,16,4.7917e-02,3.6095e-01,4.0066e-01,4.6100e-03
3.750000000000001,1,14,2.3959e-02,3.1304e-01,3.2093e-01,3.6927e-03
3.850000000000001,4,13,9.5834e-02,2.8908e-01,2.5707e-01,2.9578e-03
3.950000000000001,1,9,2.3959e-02,1.9324e-01,2.0591e-01,2.3692e-03
4.050000000000001,0,8,0.0000e+00,1.6929e-01,1.6493e-01,1.8977e-03
4.150000000000001,1,8,2.3959e-02,1.6929e-01,1.3211e-01,1.5200e-03
4.250000000000002,2,7,4.7917e-02,1.4533e-01,1.0581e-01,1.2175e-03
4.350000000000001,2,5,4.7917e-02,9.7409e-02,8.4748e-02,9.7511e-04
4.450000000000001,1,3,2.3959e-02,4.9492e-02,6.7875e-02,7.8097e-04
4.550000000000002,0,2,0.0000e+00,2.5534e-02,5.4359e-02,6.2546e-04
4.650000000000002,0,2,0.0000e+00,2.5534e-02,4.3533e-02,5.0089e-04
4.750000000000002,0,2,0.0000e+00,2.5534e-02,3.4860e-02,4.0110e-04
4.850000000000001,0,2,0.0000e+00,2.5534e-02,2.7913e-02,3.2117e-04
4.950000000000002,0,2,0.0000e+00,2.5534e-02,2.2349e-02,2.5714e-04
5.0500000000000025,0,2,0.0000e+00,2.5534e-02,1.7891e-02,2.0585e-04
5.150000000000002,0,2,0.0000e+00,2.5534e-02,1.4320e-02,1.6477e-04
5.250000000000002,1,2,1.7319e-02,2.5534e-02,1.1460e-02,1.3186e-04
5.350000000000002,0,1,0.0000e+00,8.2143e-03,9.1686e-03,1.0549e-04
5.450000000000003,0,1,0.0000e+00,8.2143e-03,7.3333e-03,8.4376e-05
5.5500000000000025,0,1,0.0000e+00,8.2143e-03,5.8631e-03,6.7460e-05
5.650000000000002,0,1,0.0000e+00,8.2143e-03,4.6854e-03,5.3910e-05
5.750000000000003,0,1,0.0000e+00,8.2143e-03,3.7420e-03,4.3056e-05
5.850000000000003,0,1,0.0000e+00,8.2143e-03,2.9863e-03,3.4361e-05
5.950000000000003,0,1,0.0000e+00,8.2143e-03,2.3810e-03,2.7396e-05
6.0500000000000025,1,1,8.2143e-03,8.2143e-03,1.8961e-03,2.1817e-05
6.150000000000003,0,0,0.0000e+00,0.0000e+00,1.5077e-03,1.7348e-05
6.2500000000000036,0,0,0.0000e+00,0.0000e+00,1.1966e-03,1.3768e-05
6.350000000000003,0,0,0.0000e+00,0.0000e+00,9.4734e-04,1.0900e-05
6.450000000000003,0,0,0.0000e+00,0.0000e+00,7.4769e-04,8.6029e-06
6.550000000000003,0,0,0.0000e+00,0.0000e+00,5.8777e-04,6.7628e-06
6.650000000000004,0,0,0.0000e+00,0.0000e+00,4.5966e-04,5.2889e-06
6.7500000000000036,0,0,0.0000e+00,0.0000e+00,3.5705e-04,4.1082e-06
6.850000000000003,0,0,0.0000e+00,0.0000e+00,2.7484e-04,3.1624e-06
6.950000000000004,0,0,0.0000e+00,0.0000e+00,2.0900e-04,2.4047e-06
7.050000000000004,0,0,0.0000e+00,0.0000e+00,1.5625e-04,1.7979e-06
7.150000000000004,0,0,0.0000e+00,0.0000e+00,1.1400e-04,1.3117e-06
7.2500000000000036,0,0,0.0000e+00,0.0000e+00,8.0159e-05,9.2230e-07
7.350000000000004,0,0,0.0000e+00,0.0000e+00,5.3048e-05,6.1037e-07
7.450000000000005,0,0,0.0000e+00,0.0000e+00,3.1331e-05,3.6049e-07
7.550000000000004,0,0,0.0000e+00,0.0000e+00,1.3935e-05,1.6033e-07
7.650000000000004,0,0,0.0000e+00,0.0000e+00,-1.1212e-19,-1.2900e-21
