MAG,N_OBS,N_CUM,BIN_RTE,CUM_RTE,MFD_FIT,MFD_FIT_AREA_NORM
2.85,68,374,1.2026e+00,6.4332e+00,6.8021e+00,1.8910e-01
2.95,60,306,1.0611e+00,5.2306e+00,5.2306e+00,1.4541e-01
3.0500000000000003,54,246,9.5502e-01,4.1695e+00,4.0221e+00,1.1182e-01
3.1500000000000004,41,192,7.2511e-01,3.2145e+00,3.0929e+00,8.5983e-02
3.2500000000000004,39,151,6.8974e-01,2.4893e+00,2.3783e+00,6.6118e-02
3.3500000000000005,27,112,4.7751e-01,1.7996e+00,1.8288e+00,5.0842e-02
3.4500000000000006,19,85,3.0379e-01,1.3221e+00,1.4063e+00,3.9096e-02
3.5500000000000007,13,66,2.0786e-01,1.0183e+00,1.0814e+00,3.0063e-02
3.650000000000001,18,53,2.8780e-01,8.1046e-01,8.3154e-01,2.3117e-02
3.750000000000001,5,35,7.9944e-02,5.2266e-01,6.3942e-01,1.7776e-02
3.850000000000001,7,30,1.1192e-01,4.4271e-01,4.9168e-01,1.3669e-02
3.950000000000001,6,23,9.5933e-02,3.3079e-01,3.7808e-01,1.0511e-02
4.050000000000001,1,17,1.5257e-02,2.3486e-01,2.9072e-01,8.0822e-03
4.150000000000001,3,16,4.5771e-02,2.1960e-01,2.2354e-01,6.2147e-03
4.250000000000002,1,13,1.5257e-02,1.7383e-01,1.7189e-01,4.7786e-03
4.350000000000001,3,12,4.5771e-02,1.5857e-01,1.3217e-01,3.6743e-03
4.450000000000001,1,9,1.5257e-02,1.1280e-01,1.0162e-01,2.8252e-03
4.550000000000002,2,8,2.5792e-02,9.7542e-02,7.8136e-02,2.1722e-03
4.650000000000002,2,6,2.5792e-02,7.1750e-02,6.0075e-02,1.6701e-03
4.750000000000002,0,4,0.0000e+00,4.5958e-02,4.6187e-02,1.2840e-03
4.850000000000001,1,4,1.2896e-02,4.5958e-02,3.5507e-02,9.8712e-04
4.950000000000002,0,3,0.0000e+00,3.3062e-02,2.7295e-02,7.5882e-04
5.0500000000000025,2,3,2.5792e-02,3.3062e-02,2.0980e-02,5.8326e-04
5.150000000000002,0,1,0.0000e+00,7.2704e-03,1.6124e-02,4.4826e-04
5.250000000000002,0,1,0.0000e+00,7.2704e-03,1.2390e-02,3.4445e-04
5.350000000000002,0,1,0.0000e+00,7.2704e-03,9.5186e-03,2.6462e-04
5.450000000000003,0,1,0.0000e+00,7.2704e-03,7.3106e-03,2.0324e-04
5.5500000000000025,0,1,0.0000e+00,7.2704e-03,5.6128e-03,1.5604e-04
5.650000000000002,0,1,0.0000e+00,7.2704e-03,4.3071e-03,1.1974e-04
5.750000000000003,0,1,0.0000e+00,7.2704e-03,3.3032e-03,9.1830e-05
5.850000000000003,1,1,7.2704e-03,7.2704e-03,2.5312e-03,7.0368e-05
5.950000000000003,0,0,0.0000e+00,0.0000e+00,1.9375e-03,5.3864e-05
6.0500000000000025,0,0,0.0000e+00,0.0000e+00,1.4810e-03,4.1173e-05
6.150000000000003,0,0,0.0000e+00,0.0000e+00,1.1300e-03,3.1414e-05
6.2500000000000036,0,0,0.0000e+00,0.0000e+00,8.6003e-04,2.3909e-05
6.350000000000003,0,0,0.0000e+00,0.0000e+00,6.5246e-04,1.8139e-05
6.450000000000003,0,0,0.0000e+00,0.0000e+00,4.9285e-04,1.3702e-05
6.550000000000003,0,0,0.0000e+00,0.0000e+00,3.7011e-04,1.0289e-05
6.650000000000004,0,0,0.0000e+00,0.0000e+00,2.7573e-04,7.6655e-06
6.7500000000000036,0,0,0.0000e+00,0.0000e+00,2.0316e-04,5.6478e-06
6.850000000000003,0,0,0.0000e+00,0.0000e+00,1.4735e-04,4.0963e-06
6.950000000000003,0,0,0.0000e+00,0.0000e+00,1.0443e-04,2.9033e-06
7.050000000000004,0,0,0.0000e+00,0.0000e+00,7.1432e-05,1.9859e-06
7.150000000000004,0,0,0.0000e+00,0.0000e+00,4.6056e-05,1.2804e-06
7.2500000000000036,0,0,0.0000e+00,0.0000e+00,2.6543e-05,7.3792e-07
7.350000000000003,0,0,0.0000e+00,0.0000e+00,1.1538e-05,3.2077e-07
7.450000000000005,0,0,0.0000e+00,0.0000e+00,0.0000e+00,0.0000e+00
