MAG,N_OBS,N_CUM,BIN_RTE,CUM_RTE,MFD_FIT,MFD_FIT_AREA_NORM
3.0500000000000003,241,1149,8.6349e+00,3.7493e+01,3.7060e+01,5.7543e-02
3.1500000000000004,176,908,6.3060e+00,2.8858e+01,2.8858e+01,4.4807e-02
3.2500000000000004,153,732,5.4819e+00,2.2552e+01,2.2471e+01,3.4891e-02
3.3500000000000005,111,579,3.9771e+00,1.7071e+01,1.7498e+01,2.7169e-02
3.4500000000000006,85,468,3.0455e+00,1.3093e+01,1.3625e+01,2.1156e-02
3.5500000000000007,78,383,2.7947e+00,1.0048e+01,1.0610e+01,1.6473e-02
3.650000000000001,49,305,1.7556e+00,7.2533e+00,8.2613e+00,1.2827e-02
3.750000000000001,24,256,8.5990e-01,5.4977e+00,6.4329e+00,9.9883e-03
3.850000000000001,32,232,1.1465e+00,4.6378e+00,5.0090e+00,7.7775e-03
3.950000000000001,29,200,5.4810e-01,3.4913e+00,3.9003e+00,6.0560e-03
4.050000000000001,33,171,6.2370e-01,2.9432e+00,3.0370e+00,4.7155e-03
4.150000000000001,20,138,3.7800e-01,2.3195e+00,2.3647e+00,3.6717e-03
4.250000000000002,23,118,4.3470e-01,1.9415e+00,1.8412e+00,2.8589e-03
4.350000000000001,16,95,3.0240e-01,1.5068e+00,1.4336e+00,2.2260e-03
4.450000000000001,10,79,1.8900e-01,1.2044e+00,1.1162e+00,1.7331e-03
4.550000000000002,13,69,2.0664e-01,1.0154e+00,8.6903e-01,1.3493e-03
4.650000000000002,11,56,1.7485e-01,8.0871e-01,6.7657e-01,1.0505e-03
4.750000000000002,6,45,9.5374e-02,6.3386e-01,5.2670e-01,8.1780e-04
4.850000000000001,10,39,1.5896e-01,5.3848e-01,4.1000e-01,6.3660e-04
4.950000000000002,8,29,1.2717e-01,3.7953e-01,3.1912e-01,4.9550e-04
5.0500000000000025,2,21,3.1791e-02,2.5236e-01,2.4836e-01,3.8563e-04
5.150000000000002,3,19,4.7687e-02,2.2057e-01,1.9326e-01,3.0007e-04
5.250000000000002,4,16,6.3583e-02,1.7288e-01,1.5035e-01,2.3345e-04
5.350000000000002,1,12,1.5896e-02,1.0930e-01,1.1694e-01,1.8157e-04
5.450000000000003,0,11,0.0000e+00,9.3405e-02,9.0924e-02,1.4118e-04
5.5500000000000025,0,11,0.0000e+00,9.3405e-02,7.0665e-02,1.0972e-04
5.650000000000002,1,11,1.0763e-02,9.3405e-02,5.4890e-02,8.5227e-05
5.750000000000003,0,10,0.0000e+00,8.2642e-02,4.2606e-02,6.6154e-05
5.850000000000003,1,10,1.0763e-02,8.2642e-02,3.3040e-02,5.1302e-05
5.950000000000003,0,9,0.0000e+00,7.1878e-02,2.5592e-02,3.9736e-05
6.0500000000000025,2,9,1.6962e-02,7.1878e-02,1.9792e-02,3.0731e-05
6.150000000000003,2,7,1.6962e-02,5.4916e-02,1.5276e-02,2.3718e-05
6.2500000000000036,1,5,8.4810e-03,3.7954e-02,1.1759e-02,1.8258e-05
6.350000000000003,0,4,0.0000e+00,2.9473e-02,9.0203e-03,1.4006e-05
6.450000000000003,1,4,8.4810e-03,2.9473e-02,6.8879e-03,1.0695e-05
6.550000000000003,2,3,1.3995e-02,2.0992e-02,5.2274e-03,8.1166e-06
6.650000000000004,0,1,0.0000e+00,6.9974e-03,3.9344e-03,6.1089e-06
6.7500000000000036,1,1,6.9974e-03,6.9974e-03,2.9276e-03,4.5456e-06
6.850000000000003,0,0,0.0000e+00,0.0000e+00,2.1436e-03,3.3283e-06
6.950000000000004,0,0,0.0000e+00,0.0000e+00,1.5331e-03,2.3804e-06
7.050000000000004,0,0,0.0000e+00,0.0000e+00,1.0577e-03,1.6422e-06
7.150000000000004,0,0,0.0000e+00,0.0000e+00,6.8749e-04,1.0675e-06
7.2500000000000036,0,0,0.0000e+00,0.0000e+00,3.9924e-04,6.1990e-07
7.350000000000005,0,0,0.0000e+00,0.0000e+00,1.7478e-04,2.7138e-07
7.450000000000005,0,0,0.0000e+00,0.0000e+00,0.0000e+00,0.0000e+00
