MAG,N_OBS,N_CUM,BIN_RTE,CUM_RTE,MFD_FIT,MFD_FIT_AREA_NORM
2.85,36,141,6.3668e-01,2.4290e+00,2.4129e+00,1.4201e-01
2.95,26,105,4.5982e-01,1.7923e+00,1.7923e+00,1.0549e-01
3.0500000000000003,26,79,4.5982e-01,1.3325e+00,1.3313e+00,7.8354e-02
3.1500000000000004,13,53,2.2991e-01,8.7266e-01,9.8889e-01,5.8201e-02
3.2500000000000004,6,40,1.0611e-01,6.4275e-01,7.3455e-01,4.3231e-02
3.3500000000000005,5,34,8.8428e-02,5.3664e-01,5.4562e-01,3.2112e-02
3.4500000000000006,7,29,1.1192e-01,4.4821e-01,4.0528e-01,2.3853e-02
3.5500000000000007,5,22,7.9944e-02,3.3629e-01,3.0104e-01,1.7718e-02
3.650000000000001,3,17,4.7967e-02,2.5634e-01,2.2361e-01,1.3160e-02
3.750000000000001,3,14,4.7967e-02,2.0837e-01,1.6610e-01,9.7755e-03
3.850000000000001,3,11,4.7967e-02,1.6041e-01,1.2337e-01,7.2612e-03
3.950000000000001,1,8,1.5989e-02,1.1244e-01,9.1642e-02,5.3935e-03
4.050000000000001,1,7,1.5257e-02,9.6452e-02,6.8070e-02,4.0062e-03
4.150000000000001,1,6,1.5257e-02,8.1195e-02,5.0562e-02,2.9758e-03
4.250000000000002,2,5,3.0514e-02,6.5938e-02,3.7556e-02,2.2103e-03
4.350000000000001,1,3,1.5257e-02,3.5423e-02,2.7896e-02,1.6418e-03
4.450000000000001,0,2,0.0000e+00,2.0166e-02,2.0720e-02,1.2195e-03
4.550000000000002,0,2,0.0000e+00,2.0166e-02,1.5390e-02,9.0578e-04
4.650000000000002,0,2,0.0000e+00,2.0166e-02,1.1431e-02,6.7277e-04
4.750000000000002,1,2,1.2896e-02,2.0166e-02,8.4902e-03,4.9969e-04
4.850000000000001,0,1,0.0000e+00,7.2704e-03,6.3058e-03,3.7112e-04
4.950000000000002,0,1,0.0000e+00,7.2704e-03,4.6832e-03,2.7563e-04
5.0500000000000025,0,1,0.0000e+00,7.2704e-03,3.4779e-03,2.0469e-04
5.150000000000002,0,1,0.0000e+00,7.2704e-03,2.5827e-03,1.5200e-04
5.250000000000002,0,1,0.0000e+00,7.2704e-03,1.9177e-03,1.1286e-04
5.350000000000002,0,1,0.0000e+00,7.2704e-03,1.4237e-03,8.3794e-05
5.450000000000003,0,1,0.0000e+00,7.2704e-03,1.0568e-03,6.2200e-05
5.5500000000000025,0,1,0.0000e+00,7.2704e-03,7.8430e-04,4.6160e-05
5.650000000000002,0,1,0.0000e+00,7.2704e-03,5.8186e-04,3.4245e-05
5.750000000000003,0,1,0.0000e+00,7.2704e-03,4.3149e-04,2.5395e-05
5.850000000000003,0,1,0.0000e+00,7.2704e-03,3.1980e-04,1.8822e-05
5.950000000000003,0,1,0.0000e+00,7.2704e-03,2.3683e-04,1.3939e-05
6.0500000000000025,0,1,0.0000e+00,7.2704e-03,1.7521e-04,1.0312e-05
6.150000000000003,0,1,0.0000e+00,7.2704e-03,1.2943e-04,7.6175e-06
6.2500000000000036,0,1,0.0000e+00,7.2704e-03,9.5427e-05,5.6163e-06
6.350000000000003,1,1,7.2704e-03,7.2704e-03,7.0170e-05,4.1298e-06
6.450000000000003,0,0,0.0000e+00,0.0000e+00,5.1410e-05,3.0257e-06
6.550000000000003,0,0,0.0000e+00,0.0000e+00,3.7474e-05,2.2055e-06
6.650000000000004,0,0,0.0000e+00,0.0000e+00,2.7123e-05,1.5963e-06
6.7500000000000036,0,0,0.0000e+00,0.0000e+00,1.9434e-05,1.1438e-06
6.850000000000003,0,0,0.0000e+00,0.0000e+00,1.3723e-05,8.0767e-07
6.950000000000003,0,0,0.0000e+00,0.0000e+00,9.4810e-06,5.5800e-07
7.050000000000004,0,0,0.0000e+00,0.0000e+00,6.3299e-06,3.7254e-07
7.150000000000004,0,0,0.0000e+00,0.0000e+00,3.9893e-06,2.3479e-07
7.2500000000000036,0,0,0.0000e+00,0.0000e+00,2.2507e-06,1.3246e-07
7.350000000000003,0,0,0.0000e+00,0.0000e+00,9.5927e-07,5.6457e-08
7.450000000000005,0,0,0.0000e+00,0.0000e+00,0.0000e+00,0.0000e+00
