MAG,N_OBS,N_CUM,BIN_RTE,CUM_RTE,MFD_FIT,MFD_FIT_AREA_NORM
2.95,121,406,2.3387e+00,7.7527e+00,7.7527e+00,9.4559e-01
3.0500000000000003,67,285,1.2950e+00,5.4140e+00,5.7326e+00,6.9920e-01
3.1500000000000004,48,218,9.2774e-01,4.1190e+00,4.2389e+00,5.1701e-01
3.2500000000000004,59,170,1.1403e+00,3.1913e+00,3.1344e+00,3.8230e-01
3.3500000000000005,18,111,3.4790e-01,2.0510e+00,2.3177e+00,2.8268e-01
3.4500000000000006,23,93,4.4454e-01,1.7031e+00,1.7138e+00,2.0903e-01
3.5500000000000007,10,70,1.9328e-01,1.2585e+00,1.2672e+00,1.5456e-01
3.650000000000001,18,60,3.4790e-01,1.0652e+00,9.3702e-01,1.1429e-01
3.750000000000001,10,42,1.9328e-01,7.1734e-01,6.9286e-01,8.4508e-02
3.850000000000001,6,32,1.1597e-01,5.2406e-01,5.1232e-01,6.2488e-02
3.950000000000001,3,26,5.7984e-02,4.0809e-01,3.7883e-01,4.6205e-02
4.050000000000001,6,23,9.7184e-02,3.5011e-01,2.8012e-01,3.4165e-02
4.150000000000001,5,17,8.0986e-02,2.5292e-01,2.0712e-01,2.5263e-02
4.250000000000002,2,12,3.2395e-02,1.7194e-01,1.5315e-01,1.8680e-02
4.350000000000001,2,10,3.2395e-02,1.3954e-01,1.1324e-01,1.3812e-02
4.450000000000001,1,8,1.6197e-02,1.0715e-01,8.3734e-02,1.0213e-02
4.550000000000002,3,7,4.1818e-02,9.0950e-02,6.1913e-02,7.5515e-03
4.650000000000002,0,4,0.0000e+00,4.9132e-02,4.5778e-02,5.5835e-03
4.750000000000002,1,4,1.3939e-02,4.9132e-02,3.3848e-02,4.1284e-03
4.850000000000001,0,3,0.0000e+00,3.5192e-02,2.5025e-02,3.0523e-03
4.950000000000002,2,3,2.7879e-02,3.5192e-02,1.8502e-02,2.2567e-03
5.0500000000000025,0,1,0.0000e+00,7.3132e-03,1.3679e-02,1.6684e-03
5.150000000000002,0,1,0.0000e+00,7.3132e-03,1.0112e-02,1.2333e-03
5.250000000000002,0,1,0.0000e+00,7.3132e-03,7.4745e-03,9.1166e-04
5.350000000000002,0,1,0.0000e+00,7.3132e-03,5.5244e-03,6.7381e-04
5.450000000000003,0,1,0.0000e+00,7.3132e-03,4.0824e-03,4.9792e-04
5.5500000000000025,0,1,0.0000e+00,7.3132e-03,3.0161e-03,3.6787e-04
5.650000000000002,0,1,0.0000e+00,7.3132e-03,2.2277e-03,2.7171e-04
5.750000000000003,1,1,7.3132e-03,7.3132e-03,1.6447e-03,2.0060e-04
5.850000000000003,0,0,0.0000e+00,0.0000e+00,1.2136e-03,1.4802e-04
5.950000000000003,0,0,0.0000e+00,0.0000e+00,8.9482e-04,1.0914e-04
6.0500000000000025,0,0,0.0000e+00,0.0000e+00,6.5911e-04,8.0392e-05
6.150000000000003,0,0,0.0000e+00,0.0000e+00,4.8483e-04,5.9134e-05
6.2500000000000036,0,0,0.0000e+00,0.0000e+00,3.5595e-04,4.3415e-05
6.350000000000003,0,0,0.0000e+00,0.0000e+00,2.6066e-04,3.1792e-05
6.450000000000003,0,0,0.0000e+00,0.0000e+00,1.9019e-04,2.3198e-05
6.550000000000003,0,0,0.0000e+00,0.0000e+00,1.3809e-04,1.6843e-05
6.650000000000004,0,0,0.0000e+00,0.0000e+00,9.9562e-05,1.2143e-05
6.7500000000000036,0,0,0.0000e+00,0.0000e+00,7.1073e-05,8.6688e-06
6.850000000000003,0,0,0.0000e+00,0.0000e+00,5.0008e-05,6.0995e-06
6.950000000000004,0,0,0.0000e+00,0.0000e+00,3.4432e-05,4.1996e-06
7.050000000000003,0,0,0.0000e+00,0.0000e+00,2.2914e-05,2.7948e-06
7.150000000000004,0,0,0.0000e+00,0.0000e+00,1.4397e-05,1.7560e-06
7.250000000000004,0,0,0.0000e+00,0.0000e+00,8.0998e-06,9.8793e-07
7.350000000000004,0,0,0.0000e+00,0.0000e+00,3.4432e-06,4.1997e-07
7.450000000000004,0,0,0.0000e+00,0.0000e+00,-2.6036e-20,-3.1756e-21
