MAG,N_OBS,N_CUM,BIN_RTE,CUM_RTE,MFD_FIT,MFD_FIT_AREA_NORM
3.0500000000000003,9,44,2.3972e-01,1.0762e+00,1.0397e+00,3.0841e-02
3.1500000000000004,5,35,1.3318e-01,8.3644e-01,8.3637e-01,2.4810e-02
3.2500000000000004,4,30,1.0654e-01,7.0326e-01,6.7280e-01,1.9958e-02
3.3500000000000005,6,26,1.5982e-01,5.9672e-01,5.4122e-01,1.6055e-02
3.4500000000000006,1,20,2.6636e-02,4.3690e-01,4.3537e-01,1.2915e-02
3.5500000000000007,2,19,5.3272e-02,4.1027e-01,3.5022e-01,1.0389e-02
3.650000000000001,4,17,1.0654e-01,3.5699e-01,2.8172e-01,8.3569e-03
3.750000000000001,0,13,0.0000e+00,2.5045e-01,2.2662e-01,6.7223e-03
3.850000000000001,2,13,5.3272e-02,2.5045e-01,1.8229e-01,5.4074e-03
3.950000000000001,0,11,0.0000e+00,1.9718e-01,1.4663e-01,4.3495e-03
4.050000000000001,4,11,7.6128e-02,1.9718e-01,1.1794e-01,3.4986e-03
4.150000000000001,1,7,1.9032e-02,1.2105e-01,9.4864e-02,2.8140e-03
4.250000000000002,1,6,1.9032e-02,1.0202e-01,7.6300e-02,2.2633e-03
4.350000000000001,1,5,1.9032e-02,8.2987e-02,6.1365e-02,1.8203e-03
4.450000000000001,0,4,0.0000e+00,6.3956e-02,4.9351e-02,1.4639e-03
4.550000000000002,2,4,3.1978e-02,6.3956e-02,3.9687e-02,1.1772e-03
4.650000000000002,0,2,0.0000e+00,3.1978e-02,3.1912e-02,9.4662e-04
4.750000000000002,0,2,0.0000e+00,3.1978e-02,2.5657e-02,7.6109e-04
4.850000000000001,1,2,1.5989e-02,3.1978e-02,2.0626e-02,6.1184e-04
4.950000000000002,0,1,0.0000e+00,1.5989e-02,1.6578e-02,4.9178e-04
5.0500000000000025,0,1,0.0000e+00,1.5989e-02,1.3322e-02,3.9519e-04
5.150000000000002,0,1,0.0000e+00,1.5989e-02,1.0703e-02,3.1749e-04
5.250000000000002,0,1,0.0000e+00,1.5989e-02,8.5960e-03,2.5499e-04
5.350000000000002,1,1,1.5989e-02,1.5989e-02,6.9010e-03,2.0471e-04
5.450000000000003,0,0,0.0000e+00,0.0000e+00,5.5374e-03,1.6426e-04
5.5500000000000025,0,0,0.0000e+00,0.0000e+00,4.4404e-03,1.3172e-04
5.650000000000002,0,0,0.0000e+00,0.0000e+00,3.5580e-03,1.0554e-04
5.750000000000003,0,0,0.0000e+00,0.0000e+00,2.8481e-03,8.4484e-05
5.850000000000003,0,0,0.0000e+00,0.0000e+00,2.2770e-03,6.7544e-05
5.950000000000003,0,0,0.0000e+00,0.0000e+00,1.8176e-03,5.3917e-05
6.0500000000000025,0,0,0.0000e+00,0.0000e+00,1.4481e-03,4.2954e-05
6.150000000000003,0,0,0.0000e+00,0.0000e+00,1.1508e-03,3.4135e-05
6.2500000000000036,0,0,0.0000e+00,0.0000e+00,9.1160e-04,2.7041e-05
6.350000000000003,0,0,0.0000e+00,0.0000e+00,7.1920e-04,2.1334e-05
6.450000000000003,0,0,0.0000e+00,0.0000e+00,5.6443e-04,1.6743e-05
6.550000000000003,0,0,0.0000e+00,0.0000e+00,4.3993e-04,1.3050e-05
6.650000000000004,0,0,0.0000e+00,0.0000e+00,3.3977e-04,1.0079e-05
6.7500000000000036,0,0,0.0000e+00,0.0000e+00,2.5920e-04,7.6887e-06
6.850000000000003,0,0,0.0000e+00,0.0000e+00,1.9438e-04,5.7660e-06
6.950000000000004,0,0,0.0000e+00,0.0000e+00,1.4224e-04,4.2193e-06
7.050000000000004,0,0,0.0000e+00,0.0000e+00,1.0029e-04,2.9750e-06
7.150000000000004,0,0,0.0000e+00,0.0000e+00,6.6548e-05,1.9741e-06
7.2500000000000036,0,0,0.0000e+00,0.0000e+00,3.9403e-05,1.1688e-06
7.350000000000005,0,0,0.0000e+00,0.0000e+00,1.7567e-05,5.2109e-07
7.450000000000005,0,0,0.0000e+00,0.0000e+00,0.0000e+00,0.0000e+00
