MAG,N_OBS,N_CUM,BIN_RTE,CUM_RTE,MFD_FIT,MFD_FIT_AREA_NORM
3.0500000000000003,12,113,3.1654e-01,2.8328e+00,3.1793e+00,1.5589e-01
3.1500000000000004,19,101,5.0119e-01,2.5162e+00,2.5161e+00,1.2337e-01
3.2500000000000004,22,82,5.8032e-01,2.0150e+00,1.9913e+00,9.7635e-02
3.3500000000000005,14,60,3.6929e-01,1.4347e+00,1.5759e+00,7.7268e-02
3.4500000000000006,11,46,2.9016e-01,1.0654e+00,1.2472e+00,6.1150e-02
3.5500000000000007,11,35,2.9016e-01,7.7525e-01,9.8700e-01,4.8394e-02
3.650000000000001,5,24,1.3189e-01,4.8509e-01,7.8111e-01,3.8298e-02
3.750000000000001,2,19,5.2756e-02,3.5320e-01,6.1816e-01,3.0309e-02
3.850000000000001,2,17,5.2756e-02,3.0045e-01,4.8920e-01,2.3986e-02
3.950000000000001,2,15,5.2756e-02,2.4769e-01,3.8714e-01,1.8982e-02
4.050000000000001,0,13,0.0000e+00,1.9493e-01,3.0637e-01,1.5022e-02
4.150000000000001,1,13,1.8900e-02,1.9493e-01,2.4245e-01,1.1888e-02
4.250000000000002,1,12,1.8900e-02,1.7603e-01,1.9186e-01,9.4073e-03
4.350000000000001,2,11,3.7800e-02,1.5713e-01,1.5183e-01,7.4443e-03
4.450000000000001,0,9,0.0000e+00,1.1933e-01,1.2014e-01,5.8908e-03
4.550000000000002,1,9,1.5896e-02,1.1933e-01,9.5069e-02,4.6613e-03
4.650000000000002,2,8,3.1791e-02,1.0344e-01,7.5224e-02,3.6883e-03
4.750000000000002,0,6,0.0000e+00,7.1647e-02,5.9519e-02,2.9183e-03
4.850000000000001,0,6,0.0000e+00,7.1647e-02,4.7090e-02,2.3089e-03
4.950000000000002,1,6,1.5896e-02,7.1647e-02,3.7253e-02,1.8266e-03
5.0500000000000025,2,5,3.1791e-02,5.5751e-02,2.9468e-02,1.4449e-03
5.150000000000002,0,3,0.0000e+00,2.3959e-02,2.3307e-02,1.1428e-03
5.250000000000002,0,3,0.0000e+00,2.3959e-02,1.8432e-02,9.0372e-04
5.350000000000002,0,3,0.0000e+00,2.3959e-02,1.4573e-02,7.1452e-04
5.450000000000003,0,3,0.0000e+00,2.3959e-02,1.1519e-02,5.6479e-04
5.5500000000000025,0,3,0.0000e+00,2.3959e-02,9.1021e-03,4.4629e-04
5.650000000000002,0,3,0.0000e+00,2.3959e-02,7.1894e-03,3.5251e-04
5.750000000000003,0,3,0.0000e+00,2.3959e-02,5.6757e-03,2.7829e-04
5.850000000000003,0,3,0.0000e+00,2.3959e-02,4.4777e-03,2.1955e-04
5.950000000000003,0,3,0.0000e+00,2.3959e-02,3.5296e-03,1.7306e-04
6.0500000000000025,0,3,0.0000e+00,2.3959e-02,2.7793e-03,1.3627e-04
6.150000000000003,1,3,8.4810e-03,2.3959e-02,2.1855e-03,1.0716e-04
6.2500000000000036,1,2,8.4810e-03,1.5478e-02,1.7156e-03,8.4116e-05
6.350000000000003,0,1,0.0000e+00,6.9974e-03,1.3437e-03,6.5881e-05
6.450000000000003,0,1,0.0000e+00,6.9974e-03,1.0493e-03,5.1449e-05
6.550000000000003,1,1,6.9974e-03,6.9974e-03,8.1637e-04,4.0028e-05
6.650000000000004,0,0,0.0000e+00,0.0000e+00,6.3202e-04,3.0989e-05
6.7500000000000036,0,0,0.0000e+00,0.0000e+00,4.8612e-04,2.3835e-05
6.850000000000003,0,0,0.0000e+00,0.0000e+00,3.7066e-04,1.8174e-05
6.950000000000004,0,0,0.0000e+00,0.0000e+00,2.7928e-04,1.3693e-05
7.050000000000004,0,0,0.0000e+00,0.0000e+00,2.0696e-04,1.0148e-05
7.150000000000004,0,0,0.0000e+00,0.0000e+00,1.4973e-04,7.3414e-06
7.2500000000000036,0,0,0.0000e+00,0.0000e+00,1.0444e-04,5.1206e-06
7.350000000000005,0,0,0.0000e+00,0.0000e+00,6.8589e-05,3.3630e-06
7.450000000000005,0,0,0.0000e+00,0.0000e+00,4.0220e-05,1.9720e-06
7.550000000000004,0,0,0.0000e+00,0.0000e+00,1.7768e-05,8.7120e-07
7.650000000000004,0,0,0.0000e+00,0.0000e+00,-1.3472e-19,-6.6054e-21
