MAG,N_OBS,N_CUM,BIN_RTE,CUM_RTE,MFD_FIT,MFD_FIT_AREA_NORM
3.0500000000000003,152,808,3.4908e+00,1.7901e+01,1.8278e+01,2.9098e-02
3.1500000000000004,112,656,2.5721e+00,1.4410e+01,1.4410e+01,2.2940e-02
3.2500000000000004,124,544,2.8477e+00,1.1838e+01,1.1360e+01,1.8085e-02
3.3500000000000005,89,420,2.0439e+00,8.9906e+00,8.9556e+00,1.4257e-02
3.4500000000000006,54,331,1.2401e+00,6.9467e+00,7.0602e+00,1.1240e-02
3.5500000000000007,65,277,1.4928e+00,5.7065e+00,5.5658e+00,8.8607e-03
3.650000000000001,38,212,8.7269e-01,4.2138e+00,4.3878e+00,6.9852e-03
3.750000000000001,18,174,4.1338e-01,3.3411e+00,3.4590e+00,5.5067e-03
3.850000000000001,27,156,6.2007e-01,2.9277e+00,2.7268e+00,4.3410e-03
3.950000000000001,21,129,3.9967e-01,2.3076e+00,2.1495e+00,3.4220e-03
4.050000000000001,22,108,4.1870e-01,1.9079e+00,1.6944e+00,2.6975e-03
4.150000000000001,16,86,3.0451e-01,1.4892e+00,1.3357e+00,2.1264e-03
4.250000000000002,13,70,2.4741e-01,1.1847e+00,1.0528e+00,1.6761e-03
4.350000000000001,12,57,2.2838e-01,9.3731e-01,8.2984e-01,1.3211e-03
4.450000000000001,7,45,1.3322e-01,7.0893e-01,6.5404e-01,1.0412e-03
4.550000000000002,8,38,1.2791e-01,5.7571e-01,5.1545e-01,8.2058e-04
4.650000000000002,3,30,4.7967e-02,4.4780e-01,4.0618e-01,6.4664e-04
4.750000000000002,7,27,1.1192e-01,3.9983e-01,3.2004e-01,5.0951e-04
4.850000000000001,4,20,6.3956e-02,2.8791e-01,2.5214e-01,4.0139e-04
4.950000000000002,4,16,6.1974e-02,2.2395e-01,1.9860e-01,3.1616e-04
5.0500000000000025,2,12,3.0987e-02,1.6198e-01,1.5639e-01,2.4897e-04
5.150000000000002,2,10,3.0987e-02,1.3099e-01,1.2312e-01,1.9600e-04
5.250000000000002,0,8,0.0000e+00,1.0001e-01,9.6882e-02,1.5424e-04
5.350000000000002,3,8,4.6480e-02,1.0001e-01,7.6201e-02,1.2131e-04
5.450000000000003,0,5,0.0000e+00,5.3525e-02,5.9897e-02,9.5355e-05
5.5500000000000025,0,5,0.0000e+00,5.3525e-02,4.7043e-02,7.4891e-05
5.650000000000002,1,5,1.5493e-02,5.3525e-02,3.6909e-02,5.8759e-05
5.750000000000003,0,4,0.0000e+00,3.8032e-02,2.8920e-02,4.6040e-05
5.850000000000003,1,4,1.5493e-02,3.8032e-02,2.2622e-02,3.6014e-05
5.950000000000003,0,3,0.0000e+00,2.2538e-02,1.7656e-02,2.8109e-05
6.0500000000000025,1,3,8.5075e-03,2.2538e-02,1.3742e-02,2.1877e-05
6.150000000000003,0,2,0.0000e+00,1.4031e-02,1.0656e-02,1.6964e-05
6.2500000000000036,0,2,0.0000e+00,1.4031e-02,8.2228e-03,1.3091e-05
6.350000000000003,0,2,0.0000e+00,1.4031e-02,6.3047e-03,1.0037e-05
6.450000000000003,1,2,7.0154e-03,1.4031e-02,4.7925e-03,7.6296e-06
6.550000000000003,1,1,7.0154e-03,7.0154e-03,3.6004e-03,5.7318e-06
6.650000000000004,0,0,0.0000e+00,0.0000e+00,2.6605e-03,4.2355e-06
6.7500000000000036,0,0,0.0000e+00,0.0000e+00,1.9196e-03,3.0560e-06
6.850000000000003,0,0,0.0000e+00,0.0000e+00,1.3355e-03,2.1260e-06
6.950000000000004,0,0,0.0000e+00,0.0000e+00,8.7493e-04,1.3929e-06
7.050000000000004,0,0,0.0000e+00,0.0000e+00,5.1187e-04,8.1490e-07
7.150000000000004,0,0,0.0000e+00,0.0000e+00,2.2565e-04,3.5923e-07
7.2500000000000036,0,0,0.0000e+00,0.0000e+00,-1.8665e-18,-2.9714e-21
