MAG,N_OBS,N_CUM,BIN_RTE,CUM_RTE,MFD_FIT,MFD_FIT_AREA_NORM
3.0500000000000003,15,126,5.3744e-01,4.0575e+00,4.4354e+00,1.5447e-01
3.1500000000000004,18,111,6.4493e-01,3.5200e+00,3.5199e+00,1.2259e-01
3.2500000000000004,17,93,6.0910e-01,2.8751e+00,2.7933e+00,9.7285e-02
3.3500000000000005,17,76,6.0910e-01,2.2660e+00,2.2167e+00,7.7204e-02
3.4500000000000006,10,59,3.5829e-01,1.6569e+00,1.7592e+00,6.1268e-02
3.5500000000000007,13,49,4.6578e-01,1.2986e+00,1.3960e+00,4.8621e-02
3.650000000000001,3,36,1.0749e-01,8.3282e-01,1.1078e+00,3.8584e-02
3.750000000000001,4,33,1.4332e-01,7.2534e-01,8.7915e-01,3.0619e-02
3.850000000000001,5,29,1.7915e-01,5.8202e-01,6.9765e-01,2.4298e-02
3.950000000000001,2,24,3.7800e-02,4.0287e-01,5.5362e-01,1.9281e-02
4.050000000000001,2,22,3.7800e-02,3.6507e-01,4.3932e-01,1.5301e-02
4.150000000000001,1,20,1.8900e-02,3.2727e-01,3.4861e-01,1.2141e-02
4.250000000000002,6,19,1.1340e-01,3.0837e-01,2.7662e-01,9.6340e-03
4.350000000000001,1,13,1.8900e-02,1.9497e-01,2.1949e-01,7.6443e-03
4.450000000000001,1,12,1.8900e-02,1.7607e-01,1.7415e-01,6.0653e-03
4.550000000000002,3,11,4.7687e-02,1.5717e-01,1.3817e-01,4.8122e-03
4.650000000000002,1,8,1.5896e-02,1.0949e-01,1.0962e-01,3.8177e-03
4.750000000000002,0,7,0.0000e+00,9.3590e-02,8.6956e-02,3.0285e-03
4.850000000000001,1,7,1.5896e-02,9.3590e-02,6.8973e-02,2.4022e-03
4.950000000000002,1,6,1.5896e-02,7.7694e-02,5.4702e-02,1.9052e-03
5.0500000000000025,0,5,0.0000e+00,6.1799e-02,4.3376e-02,1.5107e-03
5.150000000000002,1,5,1.5896e-02,6.1799e-02,3.4388e-02,1.1977e-03
5.250000000000002,0,4,0.0000e+00,4.5903e-02,2.7255e-02,9.4925e-04
5.350000000000002,1,4,1.5896e-02,4.5903e-02,2.1595e-02,7.5210e-04
5.450000000000003,0,3,0.0000e+00,3.0007e-02,1.7103e-02,5.9565e-04
5.5500000000000025,0,3,0.0000e+00,3.0007e-02,1.3538e-02,4.7148e-04
5.650000000000002,1,3,1.0763e-02,3.0007e-02,1.0708e-02,3.7295e-04
5.750000000000003,0,2,0.0000e+00,1.9244e-02,8.4631e-03,2.9475e-04
5.850000000000003,1,2,1.0763e-02,1.9244e-02,6.6813e-03,2.3270e-04
5.950000000000003,0,1,0.0000e+00,8.4810e-03,5.2673e-03,1.8345e-04
6.0500000000000025,1,1,8.4810e-03,8.4810e-03,4.1451e-03,1.4436e-04
6.150000000000003,0,0,0.0000e+00,0.0000e+00,3.2545e-03,1.1335e-04
6.2500000000000036,0,0,0.0000e+00,0.0000e+00,2.5478e-03,8.8734e-05
6.350000000000003,0,0,0.0000e+00,0.0000e+00,1.9869e-03,6.9200e-05
6.450000000000003,0,0,0.0000e+00,0.0000e+00,1.5418e-03,5.3698e-05
6.550000000000003,0,0,0.0000e+00,0.0000e+00,1.1886e-03,4.1396e-05
6.650000000000004,0,0,0.0000e+00,0.0000e+00,9.0825e-04,3.1632e-05
6.7500000000000036,0,0,0.0000e+00,0.0000e+00,6.8578e-04,2.3884e-05
6.850000000000003,0,0,0.0000e+00,0.0000e+00,5.0924e-04,1.7736e-05
6.950000000000004,0,0,0.0000e+00,0.0000e+00,3.6913e-04,1.2856e-05
7.050000000000004,0,0,0.0000e+00,0.0000e+00,2.5794e-04,8.9835e-06
7.150000000000004,0,0,0.0000e+00,0.0000e+00,1.6970e-04,5.9104e-06
7.2500000000000036,0,0,0.0000e+00,0.0000e+00,9.9675e-05,3.4715e-06
7.350000000000005,0,0,0.0000e+00,0.0000e+00,4.4102e-05,1.5360e-06
7.450000000000005,0,0,0.0000e+00,0.0000e+00,0.0000e+00,0.0000e+00
