MAG,N_OBS,N_CUM,BIN_RTE,CUM_RTE,MFD_FIT,MFD_FIT_AREA_NORM
3.0500000000000003,8,56,2.8663e-01,1.8096e+00,1.9190e+00,1.3566e-01
3.1500000000000004,7,48,2.5080e-01,1.5229e+00,1.5229e+00,1.0766e-01
3.2500000000000004,9,41,3.2246e-01,1.2721e+00,1.2085e+00,8.5434e-02
3.3500000000000005,12,32,4.2995e-01,9.4968e-01,9.5907e-01,6.7799e-02
3.4500000000000006,3,20,1.0749e-01,5.1972e-01,7.6110e-01,5.3804e-02
3.5500000000000007,3,17,1.0749e-01,4.1224e-01,6.0399e-01,4.2698e-02
3.650000000000001,1,14,3.5829e-02,3.0475e-01,4.7931e-01,3.3884e-02
3.750000000000001,0,13,0.0000e+00,2.6892e-01,3.8036e-01,2.6889e-02
3.850000000000001,3,13,1.0749e-01,2.6892e-01,3.0184e-01,2.1338e-02
3.950000000000001,2,10,3.7800e-02,1.6143e-01,2.3953e-01,1.6933e-02
4.050000000000001,1,8,1.8900e-02,1.2363e-01,1.9007e-01,1.3437e-02
4.150000000000001,0,7,0.0000e+00,1.0473e-01,1.5082e-01,1.0662e-02
4.250000000000002,1,7,1.8900e-02,1.0473e-01,1.1968e-01,8.4604e-03
4.350000000000001,1,6,1.8900e-02,8.5831e-02,9.4962e-02,6.7131e-03
4.450000000000001,0,5,0.0000e+00,6.6931e-02,7.5346e-02,5.3264e-03
4.550000000000002,1,5,1.5896e-02,6.6931e-02,5.9779e-02,4.2259e-03
4.650000000000002,0,4,0.0000e+00,5.1036e-02,4.7426e-02,3.3526e-03
4.750000000000002,0,4,0.0000e+00,5.1036e-02,3.7622e-02,2.6596e-03
4.850000000000001,0,4,0.0000e+00,5.1036e-02,2.9841e-02,2.1095e-03
4.950000000000002,0,4,0.0000e+00,5.1036e-02,2.3667e-02,1.6731e-03
5.0500000000000025,0,4,0.0000e+00,5.1036e-02,1.8767e-02,1.3267e-03
5.150000000000002,1,4,1.5896e-02,5.1036e-02,1.4878e-02,1.0518e-03
5.250000000000002,0,3,0.0000e+00,3.5140e-02,1.1792e-02,8.3361e-04
5.350000000000002,1,3,1.5896e-02,3.5140e-02,9.3430e-03,6.6048e-04
5.450000000000003,0,2,0.0000e+00,1.9244e-02,7.3994e-03,5.2308e-04
5.5500000000000025,0,2,0.0000e+00,1.9244e-02,5.8570e-03,4.1405e-04
5.650000000000002,1,2,1.0763e-02,1.9244e-02,4.6330e-03,3.2752e-04
5.750000000000003,0,1,0.0000e+00,8.4810e-03,3.6616e-03,2.5884e-04
5.850000000000003,0,1,0.0000e+00,8.4810e-03,2.8907e-03,2.0435e-04
5.950000000000003,0,1,0.0000e+00,8.4810e-03,2.2789e-03,1.6110e-04
6.0500000000000025,1,1,8.4810e-03,8.4810e-03,1.7934e-03,1.2678e-04
6.150000000000003,0,0,0.0000e+00,0.0000e+00,1.4081e-03,9.9540e-05
6.2500000000000036,0,0,0.0000e+00,0.0000e+00,1.1023e-03,7.7924e-05
6.350000000000003,0,0,0.0000e+00,0.0000e+00,8.5964e-04,6.0770e-05
6.450000000000003,0,0,0.0000e+00,0.0000e+00,6.6707e-04,4.7156e-05
6.550000000000003,0,0,0.0000e+00,0.0000e+00,5.1424e-04,3.6353e-05
6.650000000000004,0,0,0.0000e+00,0.0000e+00,3.9296e-04,2.7779e-05
6.7500000000000036,0,0,0.0000e+00,0.0000e+00,2.9671e-04,2.0975e-05
6.850000000000003,0,0,0.0000e+00,0.0000e+00,2.2032e-04,1.5575e-05
6.950000000000004,0,0,0.0000e+00,0.0000e+00,1.5970e-04,1.1290e-05
7.050000000000004,0,0,0.0000e+00,0.0000e+00,1.1160e-04,7.8891e-06
7.150000000000004,0,0,0.0000e+00,0.0000e+00,7.3422e-05,5.1903e-06
7.2500000000000036,0,0,0.0000e+00,0.0000e+00,4.3125e-05,3.0486e-06
7.350000000000005,0,0,0.0000e+00,0.0000e+00,1.9081e-05,1.3489e-06
7.450000000000005,0,0,0.0000e+00,0.0000e+00,0.0000e+00,0.0000e+00
