MAG,N_OBS,N_CUM,BIN_RTE,CUM_RTE,MFD_FIT,MFD_FIT_AREA_NORM
3.0500000000000003,203,1036,4.6620e+00,2.2964e+01,2.2709e+01,9.7614e-02
3.1500000000000004,146,833,3.3530e+00,1.8302e+01,1.8300e+01,7.8661e-02
3.2500000000000004,158,687,3.6286e+00,1.4949e+01,1.4747e+01,6.3388e-02
3.3500000000000005,119,529,2.7329e+00,1.1320e+01,1.1883e+01,5.1080e-02
3.4500000000000006,68,410,1.5617e+00,8.5871e+00,9.5758e+00,4.1162e-02
3.5500000000000007,70,342,1.6076e+00,7.0254e+00,7.7164e+00,3.3169e-02
3.650000000000001,55,272,1.2631e+00,5.4178e+00,6.2179e+00,2.6728e-02
3.750000000000001,25,217,5.7414e-01,4.1547e+00,5.0104e+00,2.1537e-02
3.850000000000001,34,192,7.8083e-01,3.5806e+00,4.0373e+00,1.7354e-02
3.950000000000001,22,158,4.1870e-01,2.7997e+00,3.2532e+00,1.3984e-02
4.050000000000001,28,136,5.3289e-01,2.3810e+00,2.6212e+00,1.1267e-02
4.150000000000001,17,108,3.2354e-01,1.8481e+00,2.1120e+00,9.0784e-03
4.250000000000002,21,91,3.9967e-01,1.5246e+00,1.7016e+00,7.3144e-03
4.350000000000001,16,70,3.0451e-01,1.1249e+00,1.3709e+00,5.8929e-03
4.450000000000001,7,54,1.3322e-01,8.2042e-01,1.1044e+00,4.7474e-03
4.550000000000002,12,47,1.9187e-01,6.8720e-01,8.8968e-01,3.8243e-03
4.650000000000002,4,35,6.3956e-02,4.9533e-01,7.1662e-01,3.0804e-03
4.750000000000002,4,31,6.3956e-02,4.3138e-01,5.7716e-01,2.4809e-03
4.850000000000001,5,27,7.9944e-02,3.6742e-01,4.6478e-01,1.9978e-03
4.950000000000002,5,22,7.7467e-02,2.8748e-01,3.7421e-01,1.6085e-03
5.0500000000000025,4,17,6.1974e-02,2.1001e-01,3.0123e-01,1.2948e-03
5.150000000000002,1,13,1.5493e-02,1.4804e-01,2.4241e-01,1.0420e-03
5.250000000000002,3,12,4.6480e-02,1.3254e-01,1.9502e-01,8.3829e-04
5.350000000000002,1,9,1.5493e-02,8.6063e-02,1.5683e-01,6.7411e-04
5.450000000000003,0,8,0.0000e+00,7.0570e-02,1.2605e-01,5.4181e-04
5.5500000000000025,0,8,0.0000e+00,7.0570e-02,1.0125e-01,4.3520e-04
5.650000000000002,0,8,0.0000e+00,7.0570e-02,8.1258e-02,3.4929e-04
5.750000000000003,0,8,0.0000e+00,7.0570e-02,6.5151e-02,2.8005e-04
5.850000000000003,1,8,1.5493e-02,7.0570e-02,5.2171e-02,2.2426e-04
5.950000000000003,0,7,0.0000e+00,5.5076e-02,4.1712e-02,1.7930e-04
6.0500000000000025,1,7,8.5075e-03,5.5076e-02,3.3283e-02,1.4306e-04
6.150000000000003,3,6,2.5522e-02,4.6569e-02,2.6490e-02,1.1387e-04
6.2500000000000036,0,3,0.0000e+00,2.1046e-02,2.1016e-02,9.0338e-05
6.350000000000003,0,3,0.0000e+00,2.1046e-02,1.6605e-02,7.1377e-05
6.450000000000003,0,3,0.0000e+00,2.1046e-02,1.3050e-02,5.6097e-05
6.550000000000003,2,3,1.4031e-02,2.1046e-02,1.0186e-02,4.3784e-05
6.650000000000004,0,1,0.0000e+00,7.0154e-03,7.8775e-03,3.3861e-05
6.7500000000000036,1,1,7.0154e-03,7.0154e-03,6.0173e-03,2.5865e-05
6.850000000000003,0,0,0.0000e+00,0.0000e+00,4.5182e-03,1.9421e-05
6.950000000000004,0,0,0.0000e+00,0.0000e+00,3.3102e-03,1.4229e-05
7.050000000000004,0,0,0.0000e+00,0.0000e+00,2.3367e-03,1.0044e-05
7.150000000000004,0,0,0.0000e+00,0.0000e+00,1.5522e-03,6.6720e-06
7.2500000000000036,0,0,0.0000e+00,0.0000e+00,9.1999e-04,3.9546e-06
7.350000000000005,0,0,0.0000e+00,0.0000e+00,4.1054e-04,1.7647e-06
7.450000000000005,0,0,0.0000e+00,0.0000e+00,0.0000e+00,0.0000e+00
