MAG,N_OBS,N_CUM,BIN_RTE,CUM_RTE,MFD_FIT,MFD_FIT_AREA_NORM
3.0500000000000003,34,204,7.8083e-01,4.4783e+00,4.5866e+00,4.9948e-02
3.1500000000000004,28,170,6.4304e-01,3.6975e+00,3.6971e+00,4.0262e-02
3.2500000000000004,36,142,8.2676e-01,3.0544e+00,2.9801e+00,3.2454e-02
3.3500000000000005,21,106,4.8228e-01,2.2277e+00,2.4022e+00,2.6160e-02
3.4500000000000006,15,85,3.4448e-01,1.7454e+00,1.9363e+00,2.1086e-02
3.5500000000000007,17,70,3.9041e-01,1.4009e+00,1.5608e+00,1.6997e-02
3.650000000000001,4,53,9.1862e-02,1.0105e+00,1.2580e+00,1.3700e-02
3.750000000000001,5,49,1.1483e-01,9.1863e-01,1.0140e+00,1.1043e-02
3.850000000000001,8,44,1.8372e-01,8.0380e-01,8.1733e-01,8.9007e-03
3.950000000000001,5,36,9.5159e-02,6.2008e-01,6.5877e-01,7.1740e-03
4.050000000000001,3,31,5.7096e-02,5.2492e-01,5.3096e-01,5.7822e-03
4.150000000000001,4,28,7.6128e-02,4.6782e-01,4.2793e-01,4.6602e-03
4.250000000000002,4,24,7.6128e-02,3.9169e-01,3.4488e-01,3.7558e-03
4.350000000000001,3,20,5.7096e-02,3.1557e-01,2.7794e-01,3.0268e-03
4.450000000000001,2,17,3.8064e-02,2.5847e-01,2.2397e-01,2.4391e-03
4.550000000000002,3,15,4.7967e-02,2.2041e-01,1.8048e-01,1.9654e-03
4.650000000000002,0,12,0.0000e+00,1.7244e-01,1.4541e-01,1.5835e-03
4.750000000000002,2,12,3.1978e-02,1.7244e-01,1.1715e-01,1.2757e-03
4.850000000000001,2,10,3.1978e-02,1.4046e-01,9.4363e-02,1.0276e-03
4.950000000000002,2,8,3.0987e-02,1.0848e-01,7.5997e-02,8.2762e-04
5.0500000000000025,0,6,0.0000e+00,7.7497e-02,6.1193e-02,6.6640e-04
5.150000000000002,1,6,1.5493e-02,7.7497e-02,4.9259e-02,5.3644e-04
5.250000000000002,0,5,0.0000e+00,6.2003e-02,3.9640e-02,4.3168e-04
5.350000000000002,1,5,1.5493e-02,6.2003e-02,3.1886e-02,3.4724e-04
5.450000000000003,0,4,0.0000e+00,4.6510e-02,2.5635e-02,2.7917e-04
5.5500000000000025,0,4,0.0000e+00,4.6510e-02,2.0596e-02,2.2430e-04
5.650000000000002,1,4,1.5493e-02,4.6510e-02,1.6535e-02,1.8007e-04
5.750000000000003,0,3,0.0000e+00,3.1016e-02,1.3261e-02,1.4441e-04
5.850000000000003,1,3,1.5493e-02,3.1016e-02,1.0622e-02,1.1567e-04
5.950000000000003,0,2,0.0000e+00,1.5523e-02,8.4946e-03,9.2507e-05
6.0500000000000025,1,2,8.5075e-03,1.5523e-02,6.7798e-03,7.3832e-05
6.150000000000003,0,1,0.0000e+00,7.0154e-03,5.3975e-03,5.8779e-05
6.2500000000000036,0,1,0.0000e+00,7.0154e-03,4.2833e-03,4.6645e-05
6.350000000000003,0,1,0.0000e+00,7.0154e-03,3.3851e-03,3.6864e-05
6.450000000000003,0,1,0.0000e+00,7.0154e-03,2.6611e-03,2.8979e-05
6.550000000000003,1,1,7.0154e-03,7.0154e-03,2.0775e-03,2.2624e-05
6.650000000000004,0,0,0.0000e+00,0.0000e+00,1.6070e-03,1.7500e-05
6.7500000000000036,0,0,0.0000e+00,0.0000e+00,1.2278e-03,1.3371e-05
6.850000000000003,0,0,0.0000e+00,0.0000e+00,9.2211e-04,1.0042e-05
6.950000000000004,0,0,0.0000e+00,0.0000e+00,6.7570e-04,7.3584e-06
7.050000000000004,0,0,0.0000e+00,0.0000e+00,4.7707e-04,5.1954e-06
7.150000000000004,0,0,0.0000e+00,0.0000e+00,3.1696e-04,3.4517e-06
7.2500000000000036,0,0,0.0000e+00,0.0000e+00,1.8790e-04,2.0462e-06
7.350000000000005,0,0,0.0000e+00,0.0000e+00,8.3863e-05,9.1327e-07
7.450000000000005,0,0,0.0000e+00,0.0000e+00,0.0000e+00,0.0000e+00
