MAG,N_OBS,N_CUM,BIN_RTE,CUM_RTE,MFD_FIT,MFD_FIT_AREA_NORM
3.0500000000000003,15,77,3.9954e-01,1.9203e+00,1.8860e+00,9.9458e-02
3.1500000000000004,7,62,1.8645e-01,1.5208e+00,1.5206e+00,8.0192e-02
3.2500000000000004,10,55,2.6636e-01,1.3343e+00,1.2261e+00,6.4658e-02
3.3500000000000005,10,45,2.6636e-01,1.0680e+00,9.8856e-01,5.2133e-02
3.4500000000000006,2,35,5.3272e-02,8.0161e-01,7.9705e-01,4.2033e-02
3.5500000000000007,9,33,2.3972e-01,7.4834e-01,6.4264e-01,3.3890e-02
3.650000000000001,4,24,1.0654e-01,5.0862e-01,5.1814e-01,2.7325e-02
3.750000000000001,3,20,7.9908e-02,4.0207e-01,4.1775e-01,2.2030e-02
3.850000000000001,1,17,2.6636e-02,3.2217e-01,3.3681e-01,1.7762e-02
3.950000000000001,2,16,5.3272e-02,2.9553e-01,2.7154e-01,1.4320e-02
4.050000000000001,1,14,1.9032e-02,2.4226e-01,2.1892e-01,1.1545e-02
4.150000000000001,1,13,1.9032e-02,2.2323e-01,1.7649e-01,9.3072e-03
4.250000000000002,2,12,3.8064e-02,2.0419e-01,1.4227e-01,7.5029e-03
4.350000000000001,2,10,3.8064e-02,1.6613e-01,1.1469e-01,6.0482e-03
4.450000000000001,3,8,5.7096e-02,1.2807e-01,9.2445e-02,4.8752e-03
4.550000000000002,2,5,3.1978e-02,7.0971e-02,7.4511e-02,3.9294e-03
4.650000000000002,1,3,1.5989e-02,3.8993e-02,6.0051e-02,3.1668e-03
4.750000000000002,0,2,0.0000e+00,2.3004e-02,4.8391e-02,2.5520e-03
4.850000000000001,0,2,0.0000e+00,2.3004e-02,3.8990e-02,2.0562e-03
4.950000000000002,0,2,0.0000e+00,2.3004e-02,3.1410e-02,1.6564e-03
5.0500000000000025,0,2,0.0000e+00,2.3004e-02,2.5298e-02,1.3341e-03
5.150000000000002,0,2,0.0000e+00,2.3004e-02,2.0370e-02,1.0742e-03
5.250000000000002,1,2,1.5989e-02,2.3004e-02,1.6396e-02,8.6467e-04
5.350000000000002,0,1,0.0000e+00,7.0154e-03,1.3192e-02,6.9570e-04
5.450000000000003,0,1,0.0000e+00,7.0154e-03,1.0609e-02,5.5947e-04
5.5500000000000025,0,1,0.0000e+00,7.0154e-03,8.5259e-03,4.4962e-04
5.650000000000002,0,1,0.0000e+00,7.0154e-03,6.8464e-03,3.6105e-04
5.750000000000003,0,1,0.0000e+00,7.0154e-03,5.4922e-03,2.8964e-04
5.850000000000003,0,1,0.0000e+00,7.0154e-03,4.4003e-03,2.3205e-04
5.950000000000003,0,1,0.0000e+00,7.0154e-03,3.5199e-03,1.8562e-04
6.0500000000000025,0,1,0.0000e+00,7.0154e-03,2.8100e-03,1.4819e-04
6.150000000000003,0,1,0.0000e+00,7.0154e-03,2.2376e-03,1.1800e-04
6.2500000000000036,0,1,0.0000e+00,7.0154e-03,1.7761e-03,9.3665e-05
6.350000000000003,0,1,0.0000e+00,7.0154e-03,1.4040e-03,7.4041e-05
6.450000000000003,0,1,0.0000e+00,7.0154e-03,1.1039e-03,5.8218e-05
6.550000000000003,0,1,0.0000e+00,7.0154e-03,8.6202e-04,4.5459e-05
6.650000000000004,0,1,0.0000e+00,7.0154e-03,6.6695e-04,3.5172e-05
6.7500000000000036,1,1,7.0154e-03,7.0154e-03,5.0967e-04,2.6878e-05
6.850000000000003,0,0,0.0000e+00,0.0000e+00,3.8285e-04,2.0190e-05
6.950000000000004,0,0,0.0000e+00,0.0000e+00,2.8060e-04,1.4798e-05
7.050000000000004,0,0,0.0000e+00,0.0000e+00,1.9815e-04,1.0450e-05
7.150000000000004,0,0,0.0000e+00,0.0000e+00,1.3167e-04,6.9438e-06
7.2500000000000036,0,0,0.0000e+00,0.0000e+00,7.8068e-05,4.1170e-06
7.350000000000005,0,0,0.0000e+00,0.0000e+00,3.4848e-05,1.8378e-06
7.450000000000005,0,0,0.0000e+00,0.0000e+00,0.0000e+00,0.0000e+00
