MAG,N_OBS,N_CUM,BIN_RTE,CUM_RTE,MFD_FIT,MFD_FIT_AREA_NORM
3.0500000000000003,7,71,1.9053e-01,1.7449e+00,2.3751e+00,4.0432e-02
3.1500000000000004,1,64,2.7219e-02,1.5544e+00,1.9179e+00,3.2649e-02
3.2500000000000004,12,63,3.2663e-01,1.5272e+00,1.5487e+00,2.6365e-02
3.3500000000000005,7,51,1.9053e-01,1.2005e+00,1.2506e+00,2.1290e-02
3.4500000000000006,7,44,1.9053e-01,1.0100e+00,1.0099e+00,1.7191e-02
3.5500000000000007,4,37,1.0888e-01,8.1948e-01,8.1548e-01,1.3882e-02
3.650000000000001,5,33,1.3610e-01,7.1060e-01,6.5850e-01,1.1210e-02
3.750000000000001,5,28,1.3610e-01,5.7451e-01,5.3173e-01,9.0517e-03
3.850000000000001,2,23,5.4438e-02,4.3841e-01,4.2936e-01,7.3090e-03
3.950000000000001,0,21,0.0000e+00,3.8397e-01,3.4669e-01,5.9018e-03
4.050000000000001,6,21,1.1597e-01,3.8397e-01,2.7994e-01,4.7654e-03
4.150000000000001,3,15,5.7984e-02,2.6800e-01,2.2603e-01,3.8478e-03
4.250000000000002,1,12,1.9328e-02,2.1002e-01,1.8250e-01,3.1068e-03
4.350000000000001,3,11,5.7984e-02,1.9069e-01,1.4735e-01,2.5084e-03
4.450000000000001,1,8,1.9328e-02,1.3271e-01,1.1896e-01,2.0251e-03
4.550000000000002,2,7,3.2395e-02,1.1338e-01,9.6042e-02,1.6349e-03
4.650000000000002,1,5,1.6197e-02,8.0986e-02,7.7531e-02,1.3198e-03
4.750000000000002,0,4,0.0000e+00,6.4789e-02,6.2584e-02,1.0654e-03
4.850000000000001,0,4,0.0000e+00,6.4789e-02,5.0514e-02,8.5990e-04
4.950000000000002,1,4,1.6197e-02,6.4789e-02,4.0766e-02,6.9397e-04
5.0500000000000025,1,3,1.6197e-02,4.8592e-02,3.2895e-02,5.5998e-04
5.150000000000002,0,2,0.0000e+00,3.2395e-02,2.6539e-02,4.5178e-04
5.250000000000002,1,2,1.6197e-02,3.2395e-02,2.1407e-02,3.6441e-04
5.350000000000002,0,1,0.0000e+00,1.6197e-02,1.7262e-02,2.9385e-04
5.450000000000003,1,1,1.6197e-02,1.6197e-02,1.3915e-02,2.3687e-04
5.5500000000000025,0,0,0.0000e+00,0.0000e+00,1.1212e-02,1.9086e-04
5.650000000000002,0,0,0.0000e+00,0.0000e+00,9.0295e-03,1.5371e-04
5.750000000000003,0,0,0.0000e+00,0.0000e+00,7.2670e-03,1.2371e-04
5.850000000000003,0,0,0.0000e+00,0.0000e+00,5.8438e-03,9.9480e-05
5.950000000000003,0,0,0.0000e+00,0.0000e+00,4.6945e-03,7.9915e-05
6.0500000000000025,0,0,0.0000e+00,0.0000e+00,3.7664e-03,6.4116e-05
6.150000000000003,0,0,0.0000e+00,0.0000e+00,3.0170e-03,5.1358e-05
6.2500000000000036,0,0,0.0000e+00,0.0000e+00,2.4118e-03,4.1056e-05
6.350000000000003,0,0,0.0000e+00,0.0000e+00,1.9231e-03,3.2736e-05
6.450000000000003,0,0,0.0000e+00,0.0000e+00,1.5284e-03,2.6018e-05
6.550000000000003,0,0,0.0000e+00,0.0000e+00,1.2097e-03,2.0593e-05
6.650000000000004,0,0,0.0000e+00,0.0000e+00,9.5238e-04,1.6212e-05
6.7500000000000036,0,0,0.0000e+00,0.0000e+00,7.4456e-04,1.2675e-05
6.850000000000003,0,0,0.0000e+00,0.0000e+00,5.7675e-04,9.8181e-06
6.950000000000004,0,0,0.0000e+00,0.0000e+00,4.4123e-04,7.5112e-06
7.050000000000004,0,0,0.0000e+00,0.0000e+00,3.3180e-04,5.6484e-06
7.150000000000004,0,0,0.0000e+00,0.0000e+00,2.4344e-04,4.1441e-06
7.2500000000000036,0,0,0.0000e+00,0.0000e+00,1.7208e-04,2.9293e-06
7.350000000000005,0,0,0.0000e+00,0.0000e+00,1.1445e-04,1.9484e-06
7.450000000000005,0,0,0.0000e+00,0.0000e+00,6.7920e-05,1.1562e-06
7.550000000000004,0,0,0.0000e+00,0.0000e+00,3.0344e-05,5.1655e-07
7.650000000000004,0,0,0.0000e+00,0.0000e+00,-2.5441e-19,-4.3308e-21
