MAG,N_OBS,N_CUM,BIN_RTE,CUM_RTE,MFD_FIT,MFD_FIT_AREA_NORM
2.95,8,60,3.5487e-01,1.9821e+00,4.3325e+00,6.8351e-02
3.0500000000000003,3,52,1.3308e-01,1.6272e+00,3.2579e+00,5.1398e-02
3.1500000000000004,1,49,4.4359e-02,1.4942e+00,2.4498e+00,3.8649e-02
3.2500000000000004,4,48,1.7744e-01,1.4498e+00,1.8422e+00,2.9063e-02
3.3500000000000005,9,44,3.9923e-01,1.2724e+00,1.3853e+00,2.1855e-02
3.4500000000000006,6,35,1.8437e-01,8.7313e-01,1.0417e+00,1.6434e-02
3.5500000000000007,7,29,2.1510e-01,6.8876e-01,7.8331e-01,1.2358e-02
3.650000000000001,1,22,3.0728e-02,4.7366e-01,5.8902e-01,9.2926e-03
3.750000000000001,4,21,1.2291e-01,4.4294e-01,4.4292e-01,6.9877e-03
3.850000000000001,1,17,3.0728e-02,3.2002e-01,3.3306e-01,5.2545e-03
3.950000000000001,3,16,5.7096e-02,2.8930e-01,2.5045e-01,3.9512e-03
4.050000000000001,4,13,7.6128e-02,2.3220e-01,1.8833e-01,2.9711e-03
4.150000000000001,0,9,0.0000e+00,1.5607e-01,1.4161e-01,2.2341e-03
4.250000000000002,0,9,0.0000e+00,1.5607e-01,1.0649e-01,1.6800e-03
4.350000000000001,4,9,7.6128e-02,1.5607e-01,8.0072e-02,1.2632e-03
4.450000000000001,2,5,3.1978e-02,7.9944e-02,6.0208e-02,9.4987e-04
4.550000000000002,1,3,1.5989e-02,4.7967e-02,4.5272e-02,7.1422e-04
4.650000000000002,0,2,0.0000e+00,3.1978e-02,3.4040e-02,5.3703e-04
4.750000000000002,0,2,0.0000e+00,3.1978e-02,2.5594e-02,4.0378e-04
4.850000000000001,0,2,0.0000e+00,3.1978e-02,1.9243e-02,3.0359e-04
4.950000000000002,0,2,0.0000e+00,3.1978e-02,1.4467e-02,2.2824e-04
5.0500000000000025,1,2,1.5989e-02,3.1978e-02,1.0876e-02,1.7159e-04
5.150000000000002,0,1,0.0000e+00,1.5989e-02,8.1757e-03,1.2898e-04
5.250000000000002,0,1,0.0000e+00,1.5989e-02,6.1450e-03,9.6945e-05
5.350000000000002,0,1,0.0000e+00,1.5989e-02,4.6179e-03,7.2854e-05
5.450000000000003,0,1,0.0000e+00,1.5989e-02,3.4697e-03,5.4738e-05
5.5500000000000025,0,1,0.0000e+00,1.5989e-02,2.6062e-03,4.1116e-05
5.650000000000002,1,1,1.5989e-02,1.5989e-02,1.9569e-03,3.0872e-05
5.750000000000003,0,0,0.0000e+00,0.0000e+00,1.4686e-03,2.3170e-05
5.850000000000003,0,0,0.0000e+00,0.0000e+00,1.1015e-03,1.7377e-05
5.950000000000003,0,0,0.0000e+00,0.0000e+00,8.2540e-04,1.3022e-05
6.0500000000000025,0,0,0.0000e+00,0.0000e+00,6.1779e-04,9.7464e-06
6.150000000000003,0,0,0.0000e+00,0.0000e+00,4.6167e-04,7.2834e-06
6.2500000000000036,0,0,0.0000e+00,0.0000e+00,3.4428e-04,5.4314e-06
6.350000000000003,0,0,0.0000e+00,0.0000e+00,2.5600e-04,4.0387e-06
6.450000000000003,0,0,0.0000e+00,0.0000e+00,1.8962e-04,2.9915e-06
6.550000000000003,0,0,0.0000e+00,0.0000e+00,1.3970e-04,2.2040e-06
6.650000000000004,0,0,0.0000e+00,0.0000e+00,1.0217e-04,1.6118e-06
6.7500000000000036,0,0,0.0000e+00,0.0000e+00,7.3940e-05,1.1665e-06
6.850000000000003,0,0,0.0000e+00,0.0000e+00,5.2715e-05,8.3164e-07
6.950000000000004,0,0,0.0000e+00,0.0000e+00,3.6754e-05,5.7984e-07
7.050000000000003,0,0,0.0000e+00,0.0000e+00,2.4752e-05,3.9050e-07
7.150000000000004,0,0,0.0000e+00,0.0000e+00,1.5727e-05,2.4812e-07
7.250000000000004,0,0,0.0000e+00,0.0000e+00,8.9407e-06,1.4105e-07
7.350000000000004,0,0,0.0000e+00,0.0000e+00,3.8375e-06,6.0541e-08
7.450000000000004,0,0,0.0000e+00,0.0000e+00,-2.8417e-20,-4.4831e-22
