MAG,N_OBS,N_CUM,BIN_RTE,CUM_RTE,MFD_FIT,MFD_FIT_AREA_NORM
3.0500000000000003,97,532,2.2277e+00,1.1781e+01,1.1939e+01,9.0614e-02
3.1500000000000004,72,435,1.6535e+00,9.5530e+00,9.5525e+00,7.2500e-02
3.2500000000000004,85,363,1.9521e+00,7.8994e+00,7.6430e+00,5.8007e-02
3.3500000000000005,59,278,1.3550e+00,5.9474e+00,6.1151e+00,4.6412e-02
3.4500000000000006,36,219,8.2676e-01,4.5924e+00,4.8927e+00,3.7134e-02
3.5500000000000007,35,183,8.0380e-01,3.7656e+00,3.9146e+00,2.9710e-02
3.650000000000001,32,148,7.3490e-01,2.9618e+00,3.1320e+00,2.3771e-02
3.750000000000001,15,116,3.4448e-01,2.2269e+00,2.5059e+00,1.9019e-02
3.850000000000001,19,101,4.3635e-01,1.8825e+00,2.0049e+00,1.5216e-02
3.950000000000001,11,82,2.0935e-01,1.4461e+00,1.6041e+00,1.2174e-02
4.050000000000001,18,71,3.4257e-01,1.2368e+00,1.2833e+00,9.7400e-03
4.150000000000001,8,53,1.5226e-01,8.9419e-01,1.0267e+00,7.7924e-03
4.250000000000002,9,45,1.7129e-01,7.4194e-01,8.2141e-01,6.2342e-03
4.350000000000001,7,36,1.3322e-01,5.7065e-01,6.5713e-01,4.9874e-03
4.450000000000001,3,29,5.7096e-02,4.3743e-01,5.2569e-01,3.9898e-03
4.550000000000002,7,26,1.1192e-01,3.8033e-01,4.2053e-01,3.1916e-03
4.650000000000002,0,19,0.0000e+00,2.6841e-01,3.3638e-01,2.5530e-03
4.750000000000002,4,19,6.3956e-02,2.6841e-01,2.6906e-01,2.0421e-03
4.850000000000001,3,15,4.7967e-02,2.0445e-01,2.1519e-01,1.6332e-03
4.950000000000002,1,12,1.5493e-02,1.5649e-01,1.7210e-01,1.3061e-03
5.0500000000000025,4,11,6.1974e-02,1.4099e-01,1.3761e-01,1.0444e-03
5.150000000000002,0,7,0.0000e+00,7.9018e-02,1.1002e-01,8.3501e-04
5.250000000000002,2,7,3.0987e-02,7.9018e-02,8.7945e-02,6.6747e-04
5.350000000000002,0,5,0.0000e+00,4.8031e-02,7.0282e-02,5.3341e-04
5.450000000000003,0,5,0.0000e+00,4.8031e-02,5.6149e-02,4.2615e-04
5.5500000000000025,0,5,0.0000e+00,4.8031e-02,4.4842e-02,3.4033e-04
5.650000000000002,0,5,0.0000e+00,4.8031e-02,3.5795e-02,2.7167e-04
5.750000000000003,0,5,0.0000e+00,4.8031e-02,2.8556e-02,2.1673e-04
5.850000000000003,1,5,1.5493e-02,4.8031e-02,2.2764e-02,1.7277e-04
5.950000000000003,0,4,0.0000e+00,3.2538e-02,1.8130e-02,1.3760e-04
6.0500000000000025,0,4,0.0000e+00,3.2538e-02,1.4422e-02,1.0946e-04
6.150000000000003,3,4,2.5522e-02,3.2538e-02,1.1456e-02,8.6945e-05
6.2500000000000036,0,1,0.0000e+00,7.0154e-03,9.0822e-03,6.8931e-05
6.350000000000003,0,1,0.0000e+00,7.0154e-03,7.1831e-03,5.4517e-05
6.450000000000003,0,1,0.0000e+00,7.0154e-03,5.6636e-03,4.2984e-05
6.550000000000003,1,1,7.0154e-03,7.0154e-03,4.4478e-03,3.3757e-05
6.650000000000004,0,0,0.0000e+00,0.0000e+00,3.4750e-03,2.6374e-05
6.7500000000000036,0,0,0.0000e+00,0.0000e+00,2.6967e-03,2.0467e-05
6.850000000000003,0,0,0.0000e+00,0.0000e+00,2.0740e-03,1.5741e-05
6.950000000000004,0,0,0.0000e+00,0.0000e+00,1.5757e-03,1.1959e-05
7.050000000000004,0,0,0.0000e+00,0.0000e+00,1.1771e-03,8.9335e-06
7.150000000000004,0,0,0.0000e+00,0.0000e+00,8.5810e-04,6.5127e-06
7.2500000000000036,0,0,0.0000e+00,0.0000e+00,6.0289e-04,4.5757e-06
7.350000000000005,0,0,0.0000e+00,0.0000e+00,3.9869e-04,3.0259e-06
7.450000000000005,0,0,0.0000e+00,0.0000e+00,2.3531e-04,1.7859e-06
7.550000000000004,0,0,0.0000e+00,0.0000e+00,1.0459e-04,7.9381e-07
7.650000000000004,0,0,0.0000e+00,0.0000e+00,-8.3664e-19,-6.3497e-21
