MAG,N_OBS,N_CUM,BIN_RTE,CUM_RTE,MFD_FIT,MFD_FIT_AREA_NORM
3.0500000000000003,14,92,3.2152e-01,1.9854e+00,2.1716e+00,8.7958e-03
3.1500000000000004,12,78,2.7559e-01,1.6639e+00,1.7362e+00,7.0323e-03
3.2500000000000004,17,66,3.9041e-01,1.3883e+00,1.3881e+00,5.6224e-03
3.3500000000000005,8,49,1.8372e-01,9.9788e-01,1.1098e+00,4.4951e-03
3.4500000000000006,7,41,1.6076e-01,8.1416e-01,8.8728e-01,3.5938e-03
3.5500000000000007,5,34,1.1483e-01,6.5340e-01,7.0937e-01,2.8732e-03
3.650000000000001,3,29,6.8897e-02,5.3857e-01,5.6713e-01,2.2971e-03
3.750000000000001,2,26,4.5931e-02,4.6967e-01,4.5340e-01,1.8364e-03
3.850000000000001,2,24,4.5931e-02,4.2374e-01,3.6247e-01,1.4681e-03
3.950000000000001,2,22,3.8064e-02,3.7781e-01,2.8977e-01,1.1737e-03
4.050000000000001,5,20,9.5159e-02,3.3975e-01,2.3164e-01,9.3824e-04
4.150000000000001,1,15,1.9032e-02,2.4459e-01,1.8517e-01,7.5000e-04
4.250000000000002,1,14,1.9032e-02,2.2556e-01,1.4801e-01,5.9950e-04
4.350000000000001,1,13,1.9032e-02,2.0652e-01,1.1830e-01,4.7917e-04
4.450000000000001,2,12,3.8064e-02,1.8749e-01,9.4551e-02,3.8297e-04
4.550000000000002,1,10,1.5989e-02,1.4943e-01,7.5560e-02,3.0605e-04
4.650000000000002,2,9,3.1978e-02,1.3344e-01,6.0376e-02,2.4455e-04
4.750000000000002,1,7,1.5989e-02,1.0146e-01,4.8236e-02,1.9538e-04
4.850000000000001,2,6,3.1978e-02,8.5474e-02,3.8530e-02,1.5606e-04
4.950000000000002,1,4,1.5493e-02,5.3496e-02,3.0770e-02,1.2463e-04
5.0500000000000025,1,3,1.5493e-02,3.8002e-02,2.4565e-02,9.9499e-05
5.150000000000002,1,2,1.5493e-02,2.2509e-02,1.9605e-02,7.9406e-05
5.250000000000002,0,1,0.0000e+00,7.0154e-03,1.5638e-02,6.3341e-05
5.350000000000002,0,1,0.0000e+00,7.0154e-03,1.2467e-02,5.0497e-05
5.450000000000003,0,1,0.0000e+00,7.0154e-03,9.9317e-03,4.0227e-05
5.5500000000000025,0,1,0.0000e+00,7.0154e-03,7.9046e-03,3.2016e-05
5.650000000000002,0,1,0.0000e+00,7.0154e-03,6.2838e-03,2.5452e-05
5.750000000000003,0,1,0.0000e+00,7.0154e-03,4.9879e-03,2.0203e-05
5.850000000000003,0,1,0.0000e+00,7.0154e-03,3.9519e-03,1.6007e-05
5.950000000000003,0,1,0.0000e+00,7.0154e-03,3.1235e-03,1.2651e-05
6.0500000000000025,0,1,0.0000e+00,7.0154e-03,2.4612e-03,9.9688e-06
6.150000000000003,0,1,0.0000e+00,7.0154e-03,1.9317e-03,7.8240e-06
6.2500000000000036,0,1,0.0000e+00,7.0154e-03,1.5083e-03,6.1091e-06
6.350000000000003,0,1,0.0000e+00,7.0154e-03,1.1698e-03,4.7381e-06
6.450000000000003,0,1,0.0000e+00,7.0154e-03,8.9915e-04,3.6419e-06
6.550000000000003,1,1,7.0154e-03,7.0154e-03,6.8276e-04,2.7654e-06
6.650000000000004,0,0,0.0000e+00,0.0000e+00,5.0975e-04,2.0647e-06
6.7500000000000036,0,0,0.0000e+00,0.0000e+00,3.7143e-04,1.5044e-06
6.850000000000003,0,0,0.0000e+00,0.0000e+00,2.6084e-04,1.0565e-06
6.950000000000004,0,0,0.0000e+00,0.0000e+00,1.7241e-04,6.9834e-07
7.050000000000004,0,0,0.0000e+00,0.0000e+00,1.0172e-04,4.1199e-07
7.150000000000004,0,0,0.0000e+00,0.0000e+00,4.5193e-05,1.8305e-07
7.2500000000000036,0,0,0.0000e+00,0.0000e+00,-3.6019e-19,-1.4589e-21
