MAG,N_OBS,N_CUM,BIN_RTE,CUM_RTE,MFD_FIT,MFD_FIT_AREA_NORM
2.95,72,244,1.3608e+00,4.5552e+00,4.5552e+00,2.1623e+00
3.0500000000000003,49,172,9.2610e-01,3.1944e+00,3.3682e+00,1.5989e+00
3.1500000000000004,26,123,4.9140e-01,2.2683e+00,2.4906e+00,1.1823e+00
3.2500000000000004,42,97,7.9380e-01,1.7769e+00,1.8416e+00,8.7421e-01
3.3500000000000005,12,55,2.2680e-01,9.8308e-01,1.3618e+00,6.4642e-01
3.4500000000000006,10,43,1.8900e-01,7.5628e-01,1.0069e+00,4.7799e-01
3.5500000000000007,5,33,9.4500e-02,5.6728e-01,7.4456e-01,3.5344e-01
3.650000000000001,6,28,1.1340e-01,4.7278e-01,5.5055e-01,2.6134e-01
3.750000000000001,5,22,9.4500e-02,3.5938e-01,4.0710e-01,1.9325e-01
3.850000000000001,3,17,5.6700e-02,2.6488e-01,3.0102e-01,1.4289e-01
3.950000000000001,1,14,1.8900e-02,2.0818e-01,2.2258e-01,1.0566e-01
4.050000000000001,2,13,3.1791e-02,1.8928e-01,1.6458e-01,7.8127e-02
4.150000000000001,2,11,3.1791e-02,1.5749e-01,1.2170e-01,5.7769e-02
4.250000000000002,1,9,1.5896e-02,1.2570e-01,8.9986e-02,4.2716e-02
4.350000000000001,2,8,3.1791e-02,1.0980e-01,6.6538e-02,3.1585e-02
4.450000000000001,1,6,1.5896e-02,7.8009e-02,4.9199e-02,2.3354e-02
4.550000000000002,2,5,2.7431e-02,6.2113e-02,3.6378e-02,1.7268e-02
4.650000000000002,0,3,0.0000e+00,3.4682e-02,2.6898e-02,1.2768e-02
4.750000000000002,1,3,1.3716e-02,3.4682e-02,1.9887e-02,9.4404e-03
4.850000000000001,0,2,0.0000e+00,2.0967e-02,1.4704e-02,6.9799e-03
4.950000000000002,1,2,1.3716e-02,2.0967e-02,1.0871e-02,5.1605e-03
5.0500000000000025,0,1,0.0000e+00,7.2511e-03,8.0370e-03,3.8151e-03
5.150000000000002,0,1,0.0000e+00,7.2511e-03,5.9414e-03,2.8203e-03
5.250000000000002,0,1,0.0000e+00,7.2511e-03,4.3917e-03,2.0847e-03
5.350000000000002,0,1,0.0000e+00,7.2511e-03,3.2459e-03,1.5408e-03
5.450000000000003,0,1,0.0000e+00,7.2511e-03,2.3986e-03,1.1386e-03
5.5500000000000025,0,1,0.0000e+00,7.2511e-03,1.7721e-03,8.4123e-04
5.650000000000002,0,1,0.0000e+00,7.2511e-03,1.3089e-03,6.2132e-04
5.750000000000003,1,1,7.2511e-03,7.2511e-03,9.6635e-04,4.5872e-04
5.850000000000003,0,0,0.0000e+00,0.0000e+00,7.1305e-04,3.3848e-04
5.950000000000003,0,0,0.0000e+00,0.0000e+00,5.2576e-04,2.4958e-04
6.0500000000000025,0,0,0.0000e+00,0.0000e+00,3.8727e-04,1.8383e-04
6.150000000000003,0,0,0.0000e+00,0.0000e+00,2.8486e-04,1.3522e-04
6.2500000000000036,0,0,0.0000e+00,0.0000e+00,2.0914e-04,9.9279e-05
6.350000000000003,0,0,0.0000e+00,0.0000e+00,1.5315e-04,7.2700e-05
6.450000000000003,0,0,0.0000e+00,0.0000e+00,1.1175e-04,5.3047e-05
6.550000000000003,0,0,0.0000e+00,0.0000e+00,8.1136e-05,3.8515e-05
6.650000000000004,0,0,0.0000e+00,0.0000e+00,5.8499e-05,2.7769e-05
6.7500000000000036,0,0,0.0000e+00,0.0000e+00,4.1760e-05,1.9823e-05
6.850000000000003,0,0,0.0000e+00,0.0000e+00,2.9383e-05,1.3948e-05
6.950000000000004,0,0,0.0000e+00,0.0000e+00,2.0231e-05,9.6034e-06
7.050000000000003,0,0,0.0000e+00,0.0000e+00,1.3463e-05,6.3910e-06
7.150000000000004,0,0,0.0000e+00,0.0000e+00,8.4593e-06,4.0156e-06
7.250000000000004,0,0,0.0000e+00,0.0000e+00,4.7591e-06,2.2591e-06
7.350000000000004,0,0,0.0000e+00,0.0000e+00,2.0231e-06,9.6036e-07
7.450000000000004,0,0,0.0000e+00,0.0000e+00,-1.5298e-20,-7.2617e-21
