MAG,N_OBS,N_CUM,BIN_RTE,CUM_RTE,MFD_FIT,MFD_FIT_AREA_NORM
3.0500000000000003,65,370,1.4928e+00,8.1736e+00,8.3725e+00,8.0398e-02
3.1500000000000004,50,305,1.1483e+00,6.6808e+00,6.6806e+00,6.4151e-02
3.2500000000000004,57,255,1.3090e+00,5.5325e+00,5.3305e+00,5.1187e-02
3.3500000000000005,41,198,9.4159e-01,4.2235e+00,4.2533e+00,4.0843e-02
3.4500000000000006,28,157,6.4304e-01,3.2819e+00,3.3937e+00,3.2589e-02
3.5500000000000007,22,129,5.0524e-01,2.6389e+00,2.7079e+00,2.6003e-02
3.650000000000001,23,107,5.2821e-01,2.1336e+00,2.1606e+00,2.0748e-02
3.750000000000001,12,84,2.7559e-01,1.6054e+00,1.7239e+00,1.6554e-02
3.850000000000001,11,72,2.5262e-01,1.3298e+00,1.3755e+00,1.3209e-02
3.950000000000001,12,61,2.2838e-01,1.0772e+00,1.0975e+00,1.0539e-02
4.050000000000001,12,49,2.2838e-01,8.4883e-01,8.7567e-01,8.4088e-03
4.150000000000001,6,37,1.1419e-01,6.2045e-01,6.9866e-01,6.7090e-03
4.250000000000002,6,31,1.1419e-01,5.0626e-01,5.5743e-01,5.3528e-03
4.350000000000001,4,25,7.6128e-02,3.9207e-01,4.4473e-01,4.2706e-03
4.450000000000001,2,21,3.8064e-02,3.1594e-01,3.5481e-01,3.4071e-03
4.550000000000002,7,19,1.1192e-01,2.7788e-01,2.8306e-01,2.7181e-03
4.650000000000002,0,12,0.0000e+00,1.6595e-01,2.2580e-01,2.1683e-03
4.750000000000002,1,12,1.5989e-02,1.6595e-01,1.8012e-01,1.7296e-03
4.850000000000001,1,11,1.5989e-02,1.4997e-01,1.4367e-01,1.3796e-03
4.950000000000002,0,10,0.0000e+00,1.3398e-01,1.1459e-01,1.1003e-03
5.0500000000000025,4,10,6.1974e-02,1.3398e-01,9.1378e-02,8.7747e-04
5.150000000000002,0,6,0.0000e+00,7.2003e-02,7.2860e-02,6.9965e-04
5.250000000000002,2,6,3.0987e-02,7.2003e-02,5.8084e-02,5.5776e-04
5.350000000000002,0,4,0.0000e+00,4.1016e-02,4.6294e-02,4.4455e-04
5.450000000000003,0,4,0.0000e+00,4.1016e-02,3.6887e-02,3.5421e-04
5.5500000000000025,0,4,0.0000e+00,4.1016e-02,2.9381e-02,2.8213e-04
5.650000000000002,0,4,0.0000e+00,4.1016e-02,2.3391e-02,2.2462e-04
5.750000000000003,0,4,0.0000e+00,4.1016e-02,1.8612e-02,1.7872e-04
5.850000000000003,1,4,1.5493e-02,4.1016e-02,1.4799e-02,1.4211e-04
5.950000000000003,0,3,0.0000e+00,2.5522e-02,1.1756e-02,1.1289e-04
6.0500000000000025,1,3,8.5075e-03,2.5522e-02,9.3279e-03,8.9572e-05
6.150000000000003,2,2,1.7015e-02,1.7015e-02,7.3906e-03,7.0969e-05
6.2500000000000036,0,0,0.0000e+00,0.0000e+00,5.8448e-03,5.6126e-05
6.350000000000003,0,0,0.0000e+00,0.0000e+00,4.6114e-03,4.4282e-05
6.450000000000003,0,0,0.0000e+00,0.0000e+00,3.6272e-03,3.4831e-05
6.550000000000003,0,0,0.0000e+00,0.0000e+00,2.8419e-03,2.7290e-05
6.650000000000004,0,0,0.0000e+00,0.0000e+00,2.2153e-03,2.1273e-05
6.7500000000000036,0,0,0.0000e+00,0.0000e+00,1.7154e-03,1.6472e-05
6.850000000000003,0,0,0.0000e+00,0.0000e+00,1.3164e-03,1.2641e-05
6.950000000000004,0,0,0.0000e+00,0.0000e+00,9.9809e-04,9.5843e-06
7.050000000000004,0,0,0.0000e+00,0.0000e+00,7.4409e-04,7.1452e-06
7.150000000000004,0,0,0.0000e+00,0.0000e+00,5.4142e-04,5.1990e-06
7.2500000000000036,0,0,0.0000e+00,0.0000e+00,3.7970e-04,3.6462e-06
7.350000000000005,0,0,0.0000e+00,0.0000e+00,2.5067e-04,2.4071e-06
7.450000000000005,0,0,0.0000e+00,0.0000e+00,1.4771e-04,1.4184e-06
7.550000000000004,0,0,0.0000e+00,0.0000e+00,6.5553e-05,6.2948e-07
7.650000000000004,0,0,0.0000e+00,0.0000e+00,-5.1726e-19,-4.9671e-21
