MAG,N_OBS,N_CUM,BIN_RTE,CUM_RTE,MFD_FIT,MFD_FIT_AREA_NORM
2.95,381,1384,8.0137e+00,2.9012e+01,2.9011e+01,1.0735e-01
3.0500000000000003,239,1003,5.0270e+00,2.0998e+01,2.1786e+01,8.0613e-02
3.1500000000000004,198,764,4.1646e+00,1.5971e+01,1.6359e+01,6.0535e-02
3.2500000000000004,159,566,3.3443e+00,1.1806e+01,1.2285e+01,4.5457e-02
3.3500000000000005,80,407,1.6827e+00,8.4619e+00,9.2251e+00,3.4135e-02
3.4500000000000006,87,327,1.8299e+00,6.7792e+00,6.9274e+00,2.5633e-02
3.5500000000000007,52,240,1.0937e+00,4.9493e+00,5.2020e+00,1.9249e-02
3.650000000000001,51,188,1.0727e+00,3.8556e+00,3.9063e+00,1.4454e-02
3.750000000000001,27,137,5.6790e-01,2.7829e+00,2.9333e+00,1.0854e-02
3.850000000000001,29,110,6.0997e-01,2.2150e+00,2.2027e+00,8.1507e-03
3.950000000000001,12,81,2.5240e-01,1.6050e+00,1.6541e+00,6.1205e-03
4.050000000000001,18,69,3.7860e-01,1.3526e+00,1.2421e+00,4.5960e-03
4.150000000000001,10,51,2.1033e-01,9.7401e-01,9.3270e-01,3.4512e-03
4.250000000000002,6,41,1.2620e-01,7.6368e-01,7.0037e-01,2.5916e-03
4.350000000000001,8,35,1.6827e-01,6.3748e-01,5.2592e-01,1.9460e-03
4.450000000000001,4,27,6.9513e-02,4.6921e-01,3.9491e-01,1.4613e-03
4.550000000000002,8,23,1.3903e-01,3.9970e-01,2.9653e-01,1.0972e-03
4.650000000000002,2,15,3.4756e-02,2.6067e-01,2.2266e-01,8.2389e-04
4.750000000000002,4,13,6.9513e-02,2.2592e-01,1.6718e-01,6.1862e-04
4.850000000000001,1,9,1.7378e-02,1.5640e-01,1.2552e-01,4.6447e-04
4.950000000000002,2,8,3.4756e-02,1.3903e-01,9.4241e-02,3.4872e-04
5.0500000000000025,1,6,1.7378e-02,1.0427e-01,7.0750e-02,2.6180e-04
5.150000000000002,1,5,1.7378e-02,8.6891e-02,5.3111e-02,1.9652e-04
5.250000000000002,1,4,1.7378e-02,6.9513e-02,3.9864e-02,1.4751e-04
5.350000000000002,1,3,1.7378e-02,5.2135e-02,2.9917e-02,1.1070e-04
5.450000000000003,0,2,0.0000e+00,3.4756e-02,2.2447e-02,8.3062e-05
5.5500000000000025,0,2,0.0000e+00,3.4756e-02,1.6838e-02,6.2306e-05
5.650000000000002,1,2,1.7378e-02,3.4756e-02,1.2626e-02,4.6720e-05
5.750000000000003,0,1,0.0000e+00,1.7378e-02,9.4631e-03,3.5016e-05
5.850000000000003,1,1,1.7378e-02,1.7378e-02,7.0879e-03,2.6227e-05
5.950000000000003,0,0,0.0000e+00,0.0000e+00,5.3043e-03,1.9627e-05
6.0500000000000025,0,0,0.0000e+00,0.0000e+00,3.9649e-03,1.4671e-05
6.150000000000003,0,0,0.0000e+00,0.0000e+00,2.9592e-03,1.0950e-05
6.2500000000000036,0,0,0.0000e+00,0.0000e+00,2.2039e-03,8.1550e-06
6.350000000000003,0,0,0.0000e+00,0.0000e+00,1.6367e-03,6.0564e-06
6.450000000000003,0,0,0.0000e+00,0.0000e+00,1.2108e-03,4.4805e-06
6.550000000000003,0,0,0.0000e+00,0.0000e+00,8.9102e-04,3.2970e-06
6.650000000000004,0,0,0.0000e+00,0.0000e+00,6.5086e-04,2.4084e-06
6.7500000000000036,0,0,0.0000e+00,0.0000e+00,4.7052e-04,1.7411e-06
6.850000000000003,0,0,0.0000e+00,0.0000e+00,3.3509e-04,1.2399e-06
6.950000000000004,0,0,0.0000e+00,0.0000e+00,2.3340e-04,8.6363e-07
7.050000000000003,0,0,0.0000e+00,0.0000e+00,1.5703e-04,5.8105e-07
7.150000000000004,0,0,0.0000e+00,0.0000e+00,9.9684e-05,3.6886e-07
7.250000000000004,0,0,0.0000e+00,0.0000e+00,5.6621e-05,2.0951e-07
7.350000000000004,0,0,0.0000e+00,0.0000e+00,2.4283e-05,8.9855e-08
7.450000000000004,0,0,0.0000e+00,0.0000e+00,-1.7882e-19,-6.6169e-22
