MAG,N_OBS,N_CUM,BIN_RTE,CUM_RTE,MFD_FIT,MFD_FIT_AREA_NORM
3.1500000000000004,9,36,3.9923e-01,1.1581e+00,7.5760e-01,8.0276e-03
3.2500000000000004,4,27,1.7744e-01,7.5885e-01,6.3588e-01,6.7378e-03
3.3500000000000005,3,23,1.3308e-01,5.8142e-01,5.3370e-01,5.6552e-03
3.4500000000000006,6,20,1.4103e-01,4.4834e-01,4.4793e-01,4.7463e-03
3.5500000000000007,2,14,4.7011e-02,3.0731e-01,3.7594e-01,3.9835e-03
3.650000000000001,2,12,4.7011e-02,2.6030e-01,3.1550e-01,3.3431e-03
3.750000000000001,0,10,0.0000e+00,2.1328e-01,2.6477e-01,2.8056e-03
3.850000000000001,2,10,4.7011e-02,2.1328e-01,2.2219e-01,2.3543e-03
3.950000000000001,1,8,2.3505e-02,1.6627e-01,1.8644e-01,1.9756e-03
4.050000000000001,0,7,0.0000e+00,1.4277e-01,1.5644e-01,1.6577e-03
4.150000000000001,1,7,2.3505e-02,1.4277e-01,1.3125e-01,1.3908e-03
4.250000000000002,2,6,4.7011e-02,1.1926e-01,1.1011e-01,1.1667e-03
4.350000000000001,1,4,2.3505e-02,7.2253e-02,9.2363e-02,9.7869e-04
4.450000000000001,0,3,0.0000e+00,4.8747e-02,7.7465e-02,8.2083e-04
4.550000000000002,0,3,0.0000e+00,4.8747e-02,6.4960e-02,6.8833e-04
4.650000000000002,1,3,2.3505e-02,4.8747e-02,5.4463e-02,5.7710e-04
4.750000000000002,0,2,0.0000e+00,2.5242e-02,4.5652e-02,4.8373e-04
4.850000000000001,0,2,0.0000e+00,2.5242e-02,3.8256e-02,4.0536e-04
4.950000000000002,0,2,0.0000e+00,2.5242e-02,3.2047e-02,3.3957e-04
5.0500000000000025,1,2,1.7081e-02,2.5242e-02,2.6835e-02,2.8435e-04
5.150000000000002,0,1,0.0000e+00,8.1604e-03,2.2460e-02,2.3799e-04
5.250000000000002,0,1,0.0000e+00,8.1604e-03,1.8788e-02,1.9908e-04
5.350000000000002,0,1,0.0000e+00,8.1604e-03,1.5706e-02,1.6642e-04
5.450000000000003,0,1,0.0000e+00,8.1604e-03,1.3118e-02,1.3900e-04
5.5500000000000025,0,1,0.0000e+00,8.1604e-03,1.0946e-02,1.1598e-04
5.650000000000002,0,1,0.0000e+00,8.1604e-03,9.1227e-03,9.6666e-05
5.750000000000003,0,1,0.0000e+00,8.1604e-03,7.5922e-03,8.0448e-05
5.850000000000003,0,1,0.0000e+00,8.1604e-03,6.3075e-03,6.6835e-05
5.950000000000003,0,1,0.0000e+00,8.1604e-03,5.2291e-03,5.5409e-05
6.0500000000000025,1,1,8.1604e-03,8.1604e-03,4.3239e-03,4.5817e-05
6.150000000000003,0,0,0.0000e+00,0.0000e+00,3.5640e-03,3.7765e-05
6.2500000000000036,0,0,0.0000e+00,0.0000e+00,2.9262e-03,3.1006e-05
6.350000000000003,0,0,0.0000e+00,0.0000e+00,2.3908e-03,2.5333e-05
6.450000000000003,0,0,0.0000e+00,0.0000e+00,1.9413e-03,2.0570e-05
6.550000000000003,0,0,0.0000e+00,0.0000e+00,1.5640e-03,1.6573e-05
6.650000000000004,0,0,0.0000e+00,0.0000e+00,1.2474e-03,1.3217e-05
6.7500000000000036,0,0,0.0000e+00,0.0000e+00,9.8153e-04,1.0400e-05
6.850000000000003,0,0,0.0000e+00,0.0000e+00,7.5838e-04,8.0359e-06
6.950000000000004,0,0,0.0000e+00,0.0000e+00,5.7107e-04,6.0511e-06
7.050000000000004,0,0,0.0000e+00,0.0000e+00,4.1384e-04,4.3851e-06
7.150000000000004,0,0,0.0000e+00,0.0000e+00,2.8185e-04,2.9866e-06
7.2500000000000036,0,0,0.0000e+00,0.0000e+00,1.7106e-04,1.8126e-06
7.350000000000004,0,0,0.0000e+00,0.0000e+00,7.8065e-05,8.2719e-07
7.450000000000005,0,0,0.0000e+00,0.0000e+00,0.0000e+00,0.0000e+00
