MAG,N_OBS,N_CUM,BIN_RTE,CUM_RTE,MFD_FIT,MFD_FIT_AREA_NORM
2.95,17,96,3.5757e-01,2.0119e+00,1.8470e+00,1.8400e-02
3.0500000000000003,13,79,2.7343e-01,1.6543e+00,1.4763e+00,1.4707e-02
3.1500000000000004,17,66,3.5757e-01,1.3809e+00,1.1800e+00,1.1756e-02
3.2500000000000004,11,49,2.3137e-01,1.0233e+00,9.4322e-01,9.3965e-03
3.3500000000000005,9,38,1.8930e-01,7.9196e-01,7.5392e-01,7.5107e-03
3.4500000000000006,9,29,1.8930e-01,6.0266e-01,6.0261e-01,6.0033e-03
3.5500000000000007,5,20,1.0517e-01,4.1336e-01,4.8166e-01,4.7984e-03
3.650000000000001,3,15,6.3100e-02,3.0819e-01,3.8499e-01,3.8354e-03
3.750000000000001,2,12,4.2067e-02,2.4509e-01,3.0772e-01,3.0656e-03
3.850000000000001,3,10,6.3100e-02,2.0302e-01,2.4596e-01,2.4502e-03
3.950000000000001,3,7,6.3100e-02,1.3992e-01,1.9659e-01,1.9584e-03
4.050000000000001,0,4,0.0000e+00,7.6823e-02,1.5712e-01,1.5653e-03
4.150000000000001,1,4,2.1033e-02,7.6823e-02,1.2558e-01,1.2511e-03
4.250000000000002,0,3,0.0000e+00,5.5790e-02,1.0037e-01,9.9990e-04
4.350000000000001,1,3,2.1033e-02,5.5790e-02,8.0217e-02,7.9913e-04
4.450000000000001,1,2,1.7378e-02,3.4756e-02,6.4109e-02,6.3866e-04
4.550000000000002,0,1,0.0000e+00,1.7378e-02,5.1233e-02,5.1039e-04
4.650000000000002,0,1,0.0000e+00,1.7378e-02,4.0942e-02,4.0787e-04
4.750000000000002,0,1,0.0000e+00,1.7378e-02,3.2715e-02,3.2591e-04
4.850000000000001,0,1,0.0000e+00,1.7378e-02,2.6140e-02,2.6041e-04
4.950000000000002,0,1,0.0000e+00,1.7378e-02,2.0884e-02,2.0805e-04
5.0500000000000025,0,1,0.0000e+00,1.7378e-02,1.6683e-02,1.6620e-04
5.150000000000002,0,1,0.0000e+00,1.7378e-02,1.3325e-02,1.3275e-04
5.250000000000002,0,1,0.0000e+00,1.7378e-02,1.0641e-02,1.0601e-04
5.350000000000002,0,1,0.0000e+00,1.7378e-02,8.4956e-03,8.4635e-05
5.450000000000003,1,1,1.7378e-02,1.7378e-02,6.7807e-03,6.7551e-05
5.5500000000000025,0,0,0.0000e+00,0.0000e+00,5.4100e-03,5.3896e-05
5.650000000000002,0,0,0.0000e+00,0.0000e+00,4.3144e-03,4.2981e-05
5.750000000000003,0,0,0.0000e+00,0.0000e+00,3.4386e-03,3.4256e-05
5.850000000000003,0,0,0.0000e+00,0.0000e+00,2.7386e-03,2.7283e-05
5.950000000000003,0,0,0.0000e+00,0.0000e+00,2.1791e-03,2.1709e-05
6.0500000000000025,0,0,0.0000e+00,0.0000e+00,1.7319e-03,1.7253e-05
6.150000000000003,0,0,0.0000e+00,0.0000e+00,1.3744e-03,1.3692e-05
6.2500000000000036,0,0,0.0000e+00,0.0000e+00,1.0886e-03,1.0845e-05
6.350000000000003,0,0,0.0000e+00,0.0000e+00,8.6024e-04,8.5698e-06
6.450000000000003,0,0,0.0000e+00,0.0000e+00,6.7768e-04,6.7511e-06
6.550000000000003,0,0,0.0000e+00,0.0000e+00,5.3175e-04,5.2974e-06
6.650000000000004,0,0,0.0000e+00,0.0000e+00,4.1511e-04,4.1354e-06
6.7500000000000036,0,0,0.0000e+00,0.0000e+00,3.2188e-04,3.2066e-06
6.850000000000003,0,0,0.0000e+00,0.0000e+00,2.4736e-04,2.4642e-06
6.950000000000004,0,0,0.0000e+00,0.0000e+00,1.8779e-04,1.8708e-06
7.050000000000003,0,0,0.0000e+00,0.0000e+00,1.4018e-04,1.3965e-06
7.150000000000004,0,0,0.0000e+00,0.0000e+00,1.0212e-04,1.0174e-06
7.250000000000004,0,0,0.0000e+00,0.0000e+00,7.1703e-05,7.1431e-07
7.350000000000004,0,0,0.0000e+00,0.0000e+00,4.7388e-05,4.7208e-07
7.450000000000004,0,0,0.0000e+00,0.0000e+00,2.7952e-05,2.7846e-07
7.550000000000004,0,0,0.0000e+00,0.0000e+00,1.2417e-05,1.2370e-07
7.650000000000005,0,0,0.0000e+00,0.0000e+00,0.0000e+00,0.0000e+00
