MAG,N_OBS,N_CUM,BIN_RTE,CUM_RTE,MFD_FIT,MFD_FIT_AREA_NORM
3.0500000000000003,85,526,1.9521e+00,1.1532e+01,1.1775e+01,9.7961e-02
3.1500000000000004,58,441,1.3320e+00,9.5799e+00,9.5795e+00,7.9697e-02
3.2500000000000004,80,383,1.8372e+00,8.2479e+00,7.7934e+00,6.4838e-02
3.3500000000000005,57,303,1.3090e+00,6.4107e+00,6.3404e+00,5.2749e-02
3.4500000000000006,40,246,9.1862e-01,5.1016e+00,5.1582e+00,4.2914e-02
3.5500000000000007,30,206,6.8897e-01,4.1830e+00,4.1965e+00,3.4913e-02
3.650000000000001,34,176,7.8083e-01,3.4941e+00,3.4140e+00,2.8403e-02
3.750000000000001,19,142,4.3635e-01,2.7132e+00,2.7774e+00,2.3107e-02
3.850000000000001,20,123,4.5931e-01,2.2769e+00,2.2595e+00,1.8798e-02
3.950000000000001,13,103,2.4741e-01,1.8176e+00,1.8382e+00,1.5293e-02
4.050000000000001,21,90,3.9967e-01,1.5701e+00,1.4954e+00,1.2441e-02
4.150000000000001,10,69,1.9032e-01,1.1705e+00,1.2165e+00,1.0121e-02
4.250000000000002,15,59,2.8548e-01,9.8016e-01,9.8963e-01,8.2332e-03
4.350000000000001,7,44,1.3322e-01,6.9468e-01,8.0504e-01,6.6975e-03
4.450000000000001,5,37,9.5159e-02,5.6146e-01,6.5486e-01,5.4481e-03
4.550000000000002,11,32,1.7588e-01,4.6630e-01,5.3268e-01,4.4317e-03
4.650000000000002,1,21,1.5989e-02,2.9042e-01,4.3328e-01,3.6047e-03
4.750000000000002,1,20,1.5989e-02,2.7443e-01,3.5241e-01,2.9319e-03
4.850000000000001,4,19,6.3956e-02,2.5844e-01,2.8662e-01,2.3846e-03
4.950000000000002,1,15,1.5493e-02,1.9449e-01,2.3310e-01,1.9393e-03
5.0500000000000025,4,14,6.1974e-02,1.7899e-01,1.8955e-01,1.5770e-03
5.150000000000002,1,10,1.5493e-02,1.1702e-01,1.5412e-01,1.2822e-03
5.250000000000002,2,9,3.0987e-02,1.0153e-01,1.2530e-01,1.0424e-03
5.350000000000002,1,7,1.5493e-02,7.0540e-02,1.0185e-01,8.4735e-04
5.450000000000003,0,6,0.0000e+00,5.5047e-02,8.2773e-02,6.8863e-04
5.5500000000000025,0,6,0.0000e+00,5.5047e-02,6.7252e-02,5.5950e-04
5.650000000000002,0,6,0.0000e+00,5.5047e-02,5.4624e-02,4.5445e-04
5.750000000000003,0,6,0.0000e+00,5.5047e-02,4.4351e-02,3.6898e-04
5.850000000000003,1,6,1.5493e-02,5.5047e-02,3.5993e-02,2.9945e-04
5.950000000000003,0,5,0.0000e+00,3.9553e-02,2.9194e-02,2.4288e-04
6.0500000000000025,0,5,0.0000e+00,3.9553e-02,2.3662e-02,1.9685e-04
6.150000000000003,3,5,2.5522e-02,3.9553e-02,1.9161e-02,1.5941e-04
6.2500000000000036,0,2,0.0000e+00,1.4031e-02,1.5500e-02,1.2895e-04
6.350000000000003,0,2,0.0000e+00,1.4031e-02,1.2521e-02,1.0417e-04
6.450000000000003,0,2,0.0000e+00,1.4031e-02,1.0097e-02,8.4003e-05
6.550000000000003,1,2,7.0154e-03,1.4031e-02,8.1253e-03,6.7599e-05
6.650000000000004,0,1,0.0000e+00,7.0154e-03,6.5212e-03,5.4254e-05
6.7500000000000036,1,1,7.0154e-03,7.0154e-03,5.2162e-03,4.3396e-05
6.850000000000003,0,0,0.0000e+00,0.0000e+00,4.1544e-03,3.4563e-05
6.950000000000004,0,0,0.0000e+00,0.0000e+00,3.2906e-03,2.7376e-05
7.050000000000004,0,0,0.0000e+00,0.0000e+00,2.5879e-03,2.1530e-05
7.150000000000004,0,0,0.0000e+00,0.0000e+00,2.0161e-03,1.6773e-05
7.2500000000000036,0,0,0.0000e+00,0.0000e+00,1.5510e-03,1.2903e-05
7.350000000000005,0,0,0.0000e+00,0.0000e+00,1.1725e-03,9.7550e-06
7.450000000000005,0,0,0.0000e+00,0.0000e+00,8.6466e-04,7.1936e-06
7.550000000000004,0,0,0.0000e+00,0.0000e+00,6.1418e-04,5.1097e-06
7.650000000000004,0,0,0.0000e+00,0.0000e+00,4.1040e-04,3.4144e-06
7.750000000000005,0,0,0.0000e+00,0.0000e+00,2.4461e-04,2.0351e-06
7.850000000000005,0,0,0.0000e+00,0.0000e+00,1.0973e-04,9.1293e-07
7.950000000000005,0,0,0.0000e+00,0.0000e+00,-8.5062e-19,-7.0768e-21
