MAG,N_OBS,N_CUM,BIN_RTE,CUM_RTE,MFD_FIT,MFD_FIT_AREA_NORM
3.1500000000000004,13,54,5.7667e-01,1.7272e+00,1.7271e+00,1.4515e-02
3.2500000000000004,7,41,3.1051e-01,1.1505e+00,1.3719e+00,1.1530e-02
3.3500000000000005,3,34,1.3308e-01,8.3997e-01,1.0897e+00,9.1583e-03
3.4500000000000006,8,31,1.8804e-01,7.0690e-01,8.6557e-01,7.2746e-03
3.5500000000000007,3,23,7.0516e-02,5.1886e-01,6.8754e-01,5.7783e-03
3.650000000000001,3,20,7.0516e-02,4.4834e-01,5.4612e-01,4.5898e-03
3.750000000000001,2,17,4.7011e-02,3.7782e-01,4.3379e-01,3.6457e-03
3.850000000000001,2,15,4.7011e-02,3.3081e-01,3.4456e-01,2.8958e-03
3.950000000000001,2,13,4.7011e-02,2.8380e-01,2.7368e-01,2.3001e-03
4.050000000000001,0,11,0.0000e+00,2.3679e-01,2.1738e-01,1.8270e-03
4.150000000000001,1,11,2.3505e-02,2.3679e-01,1.7266e-01,1.4511e-03
4.250000000000002,2,10,4.7011e-02,2.1328e-01,1.3714e-01,1.1526e-03
4.350000000000001,3,8,7.0516e-02,1.6627e-01,1.0892e-01,9.1542e-04
4.450000000000001,1,5,2.3505e-02,9.5758e-02,8.6508e-02,7.2705e-04
4.550000000000002,1,4,2.3505e-02,7.2253e-02,6.8705e-02,5.7742e-04
4.650000000000002,1,3,2.3505e-02,4.8747e-02,5.4563e-02,4.5857e-04
4.750000000000002,0,2,0.0000e+00,2.5242e-02,4.3329e-02,3.6416e-04
4.850000000000001,0,2,0.0000e+00,2.5242e-02,3.4407e-02,2.8917e-04
4.950000000000002,0,2,0.0000e+00,2.5242e-02,2.7319e-02,2.2960e-04
5.0500000000000025,1,2,1.7081e-02,2.5242e-02,2.1689e-02,1.8228e-04
5.150000000000002,0,1,0.0000e+00,8.1604e-03,1.7217e-02,1.4470e-04
5.250000000000002,0,1,0.0000e+00,8.1604e-03,1.3665e-02,1.1484e-04
5.350000000000002,0,1,0.0000e+00,8.1604e-03,1.0843e-02,9.1129e-05
5.450000000000003,0,1,0.0000e+00,8.1604e-03,8.6016e-03,7.2292e-05
5.5500000000000025,0,1,0.0000e+00,8.1604e-03,6.8213e-03,5.7329e-05
5.650000000000002,0,1,0.0000e+00,8.1604e-03,5.4071e-03,4.5444e-05
5.750000000000003,0,1,0.0000e+00,8.1604e-03,4.2838e-03,3.6003e-05
5.850000000000003,0,1,0.0000e+00,8.1604e-03,3.3915e-03,2.8504e-05
5.950000000000003,0,1,0.0000e+00,8.1604e-03,2.6827e-03,2.2547e-05
6.0500000000000025,1,1,8.1604e-03,8.1604e-03,2.1197e-03,1.7815e-05
6.150000000000003,0,0,0.0000e+00,0.0000e+00,1.6725e-03,1.4057e-05
6.2500000000000036,0,0,0.0000e+00,0.0000e+00,1.3173e-03,1.1071e-05
6.350000000000003,0,0,0.0000e+00,0.0000e+00,1.0351e-03,8.6998e-06
6.450000000000003,0,0,0.0000e+00,0.0000e+00,8.1101e-04,6.8161e-06
6.550000000000003,0,0,0.0000e+00,0.0000e+00,6.3297e-04,5.3198e-06
6.650000000000004,0,0,0.0000e+00,0.0000e+00,4.9156e-04,4.1312e-06
6.7500000000000036,0,0,0.0000e+00,0.0000e+00,3.7922e-04,3.1872e-06
6.850000000000003,0,0,0.0000e+00,0.0000e+00,2.8999e-04,2.4372e-06
6.950000000000004,0,0,0.0000e+00,0.0000e+00,2.1912e-04,1.8416e-06
7.050000000000004,0,0,0.0000e+00,0.0000e+00,1.6282e-04,1.3684e-06
7.150000000000004,0,0,0.0000e+00,0.0000e+00,1.1810e-04,9.9254e-07
7.2500000000000036,0,0,0.0000e+00,0.0000e+00,8.2575e-05,6.9400e-07
7.350000000000004,0,0,0.0000e+00,0.0000e+00,5.4359e-05,4.5685e-07
7.450000000000005,0,0,0.0000e+00,0.0000e+00,3.1945e-05,2.6848e-07
7.550000000000004,0,0,0.0000e+00,0.0000e+00,1.4142e-05,1.1885e-07
7.650000000000004,0,0,0.0000e+00,0.0000e+00,-1.0915e-19,-9.1732e-22
