MAG,N_OBS,N_CUM,BIN_RTE,CUM_RTE,MFD_FIT,MFD_FIT_AREA_NORM
3.0500000000000003,18,128,6.4493e-01,3.7712e+00,3.7712e+00,2.8812e-02
3.1500000000000004,18,110,6.4493e-01,3.1263e+00,2.8365e+00,2.1671e-02
3.2500000000000004,20,92,7.1659e-01,2.4814e+00,2.1334e+00,1.6299e-02
3.3500000000000005,16,72,5.7327e-01,1.7648e+00,1.6046e+00,1.2259e-02
3.4500000000000006,14,56,3.2626e-01,1.1915e+00,1.2069e+00,9.2207e-03
3.5500000000000007,9,42,2.0974e-01,8.6526e-01,9.0777e-01,6.9353e-03
3.650000000000001,8,33,1.8644e-01,6.5552e-01,6.8277e-01,5.2163e-03
3.750000000000001,4,25,9.3218e-02,4.6908e-01,5.1354e-01,3.9234e-03
3.850000000000001,1,21,2.3305e-02,3.7586e-01,3.8625e-01,2.9509e-03
3.950000000000001,4,20,7.5600e-02,3.5256e-01,2.9051e-01,2.2195e-03
4.050000000000001,4,16,7.5600e-02,2.7696e-01,2.1850e-01,1.6693e-03
4.150000000000001,2,12,3.7800e-02,2.0136e-01,1.6434e-01,1.2556e-03
4.250000000000002,3,10,5.6700e-02,1.6356e-01,1.2360e-01,9.4433e-04
4.350000000000001,0,7,0.0000e+00,1.0686e-01,9.2965e-02,7.1024e-04
4.450000000000001,1,7,1.8900e-02,1.0686e-01,6.9920e-02,5.3418e-04
4.550000000000002,0,6,0.0000e+00,8.7959e-02,5.2586e-02,4.0175e-04
4.650000000000002,2,6,3.1791e-02,8.7959e-02,3.9549e-02,3.0215e-04
4.750000000000002,2,4,3.1791e-02,5.6168e-02,2.9743e-02,2.2723e-04
4.850000000000001,1,2,1.5896e-02,2.4377e-02,2.2368e-02,1.7089e-04
4.950000000000002,0,1,0.0000e+00,8.4810e-03,1.6820e-02,1.2850e-04
5.0500000000000025,0,1,0.0000e+00,8.4810e-03,1.2648e-02,9.6628e-05
5.150000000000002,0,1,0.0000e+00,8.4810e-03,9.5096e-03,7.2652e-05
5.250000000000002,0,1,0.0000e+00,8.4810e-03,7.1492e-03,5.4619e-05
5.350000000000002,0,1,0.0000e+00,8.4810e-03,5.3738e-03,4.1056e-05
5.450000000000003,0,1,0.0000e+00,8.4810e-03,4.0385e-03,3.0854e-05
5.5500000000000025,0,1,0.0000e+00,8.4810e-03,3.0342e-03,2.3181e-05
5.650000000000002,0,1,0.0000e+00,8.4810e-03,2.2788e-03,1.7409e-05
5.750000000000003,0,1,0.0000e+00,8.4810e-03,1.7106e-03,1.3069e-05
5.850000000000003,0,1,0.0000e+00,8.4810e-03,1.2832e-03,9.8037e-06
5.950000000000003,0,1,0.0000e+00,8.4810e-03,9.6180e-04,7.3480e-06
6.0500000000000025,0,1,0.0000e+00,8.4810e-03,7.2004e-04,5.5010e-06
6.150000000000003,0,1,0.0000e+00,8.4810e-03,5.3820e-04,4.1118e-06
6.2500000000000036,0,1,0.0000e+00,8.4810e-03,4.0143e-04,3.0669e-06
6.350000000000003,0,1,0.0000e+00,8.4810e-03,2.9856e-04,2.2810e-06
6.450000000000003,1,1,8.4810e-03,8.4810e-03,2.2119e-04,1.6899e-06
6.550000000000003,0,0,0.0000e+00,0.0000e+00,1.6299e-04,1.2452e-06
6.650000000000004,0,0,0.0000e+00,0.0000e+00,1.1922e-04,9.1084e-07
6.7500000000000036,0,0,0.0000e+00,0.0000e+00,8.6300e-05,6.5932e-07
6.850000000000003,0,0,0.0000e+00,0.0000e+00,6.1538e-05,4.7014e-07
6.950000000000004,0,0,0.0000e+00,0.0000e+00,4.2913e-05,3.2785e-07
7.050000000000004,0,0,0.0000e+00,0.0000e+00,2.8905e-05,2.2083e-07
7.150000000000004,0,0,0.0000e+00,0.0000e+00,1.8368e-05,1.4033e-07
7.2500000000000036,0,0,0.0000e+00,0.0000e+00,1.0444e-05,7.9789e-08
7.350000000000005,0,0,0.0000e+00,0.0000e+00,4.4832e-06,3.4251e-08
7.450000000000005,0,0,0.0000e+00,0.0000e+00,0.0000e+00,0.0000e+00
