MAG,N_OBS,N_CUM,BIN_RTE,CUM_RTE,MFD_FIT,MFD_FIT_AREA_NORM
3.0500000000000003,44,256,1.1606e+00,6.4177e+00,6.8230e+00,9.5571e-02
3.1500000000000004,40,212,1.0551e+00,5.2571e+00,5.3543e+00,7.4999e-02
3.2500000000000004,46,172,1.2134e+00,4.2020e+00,4.2017e+00,5.8854e-02
3.3500000000000005,22,126,5.8032e-01,2.9886e+00,3.2972e+00,4.6185e-02
3.4500000000000006,22,104,5.8032e-01,2.4083e+00,2.5875e+00,3.6243e-02
3.5500000000000007,12,82,3.1654e-01,1.8279e+00,2.0304e+00,2.8441e-02
3.650000000000001,11,70,2.9016e-01,1.5114e+00,1.5933e+00,2.2318e-02
3.750000000000001,5,59,1.3189e-01,1.2212e+00,1.2503e+00,1.7513e-02
3.850000000000001,9,54,2.3740e-01,1.0894e+00,9.8113e-01,1.3743e-02
3.950000000000001,8,45,2.1103e-01,8.5195e-01,7.6988e-01,1.0784e-02
4.050000000000001,11,37,2.0790e-01,6.4093e-01,6.0411e-01,8.4619e-03
4.150000000000001,4,26,7.5600e-02,4.3303e-01,4.7402e-01,6.6397e-03
4.250000000000002,1,22,1.8900e-02,3.5743e-01,3.7193e-01,5.2097e-03
4.350000000000001,4,21,7.5600e-02,3.3853e-01,2.9182e-01,4.0875e-03
4.450000000000001,3,17,5.6700e-02,2.6293e-01,2.2895e-01,3.2069e-03
4.550000000000002,2,14,3.1791e-02,2.0623e-01,1.7961e-01,2.5158e-03
4.650000000000002,1,12,1.5896e-02,1.7444e-01,1.4089e-01,1.9735e-03
4.750000000000002,2,11,3.1791e-02,1.5854e-01,1.1051e-01,1.5479e-03
4.850000000000001,4,9,6.3583e-02,1.2675e-01,8.6667e-02,1.2140e-03
4.950000000000002,2,5,3.1791e-02,6.3166e-02,6.7956e-02,9.5188e-04
5.0500000000000025,1,3,1.5896e-02,3.1374e-02,5.3273e-02,7.4620e-04
5.150000000000002,0,2,0.0000e+00,1.5478e-02,4.1750e-02,5.8480e-04
5.250000000000002,0,2,0.0000e+00,1.5478e-02,3.2708e-02,4.5814e-04
5.350000000000002,0,2,0.0000e+00,1.5478e-02,2.5612e-02,3.5875e-04
5.450000000000003,0,2,0.0000e+00,1.5478e-02,2.0043e-02,2.8075e-04
5.5500000000000025,0,2,0.0000e+00,1.5478e-02,1.5673e-02,2.1954e-04
5.650000000000002,0,2,0.0000e+00,1.5478e-02,1.2244e-02,1.7150e-04
5.750000000000003,0,2,0.0000e+00,1.5478e-02,9.5527e-03,1.3381e-04
5.850000000000003,0,2,0.0000e+00,1.5478e-02,7.4408e-03,1.0422e-04
5.950000000000003,0,2,0.0000e+00,1.5478e-02,5.7835e-03,8.1010e-05
6.0500000000000025,0,2,0.0000e+00,1.5478e-02,4.4829e-03,6.2793e-05
6.150000000000003,1,2,8.4810e-03,1.5478e-02,3.4623e-03,4.8497e-05
6.2500000000000036,0,1,0.0000e+00,6.9974e-03,2.6614e-03,3.7278e-05
6.350000000000003,0,1,0.0000e+00,6.9974e-03,2.0328e-03,2.8474e-05
6.450000000000003,0,1,0.0000e+00,6.9974e-03,1.5396e-03,2.1565e-05
6.550000000000003,1,1,6.9974e-03,6.9974e-03,1.1525e-03,1.6144e-05
6.650000000000004,0,0,0.0000e+00,0.0000e+00,8.4876e-04,1.1889e-05
6.7500000000000036,0,0,0.0000e+00,0.0000e+00,6.1040e-04,8.5499e-06
6.850000000000003,0,0,0.0000e+00,0.0000e+00,4.2334e-04,5.9297e-06
6.950000000000004,0,0,0.0000e+00,0.0000e+00,2.7654e-04,3.8736e-06
7.050000000000004,0,0,0.0000e+00,0.0000e+00,1.6134e-04,2.2600e-06
7.150000000000004,0,0,0.0000e+00,0.0000e+00,7.0942e-05,9.9370e-07
7.2500000000000036,0,0,0.0000e+00,0.0000e+00,-5.7429e-19,-8.0442e-21
