MAG,N_OBS,N_CUM,BIN_RTE,CUM_RTE,MFD_FIT,MFD_FIT_AREA_NORM
2.95,84,455,1.7668e+00,9.5190e+00,9.5190e+00,3.4092e-02
3.0500000000000003,66,371,1.3882e+00,7.7522e+00,7.2331e+00,2.5905e-02
3.1500000000000004,68,305,1.4303e+00,6.3640e+00,5.4961e+00,1.9684e-02
3.2500000000000004,58,237,1.2199e+00,4.9337e+00,4.1762e+00,1.4957e-02
3.3500000000000005,35,179,7.3617e-01,3.7138e+00,3.1733e+00,1.1365e-02
3.4500000000000006,32,144,6.7307e-01,2.9776e+00,2.4113e+00,8.6360e-03
3.5500000000000007,31,112,6.5204e-01,2.3046e+00,1.8322e+00,6.5621e-03
3.650000000000001,19,81,3.9963e-01,1.6525e+00,1.3922e+00,4.9862e-03
3.750000000000001,9,62,1.8930e-01,1.2529e+00,1.0579e+00,3.7888e-03
3.850000000000001,10,53,2.1033e-01,1.0636e+00,8.0383e-01,2.8789e-03
3.950000000000001,9,43,1.8930e-01,8.5326e-01,6.1079e-01,2.1875e-03
4.050000000000001,10,34,2.1033e-01,6.6396e-01,4.6410e-01,1.6622e-03
4.150000000000001,2,24,4.2067e-02,4.5363e-01,3.5264e-01,1.2630e-03
4.250000000000002,4,22,8.4134e-02,4.1156e-01,2.6795e-01,9.5965e-04
4.350000000000001,4,18,8.4134e-02,3.2743e-01,2.0359e-01,7.2916e-04
4.450000000000001,3,14,5.2135e-02,2.4329e-01,1.5469e-01,5.5402e-04
4.550000000000002,2,11,3.4756e-02,1.9116e-01,1.1753e-01,4.2094e-04
4.650000000000002,2,9,3.4756e-02,1.5640e-01,8.9299e-02,3.1982e-04
4.750000000000002,3,7,5.2135e-02,1.2165e-01,6.7845e-02,2.4298e-04
4.850000000000001,1,4,1.7378e-02,6.9513e-02,5.1543e-02,1.8460e-04
4.950000000000002,0,3,0.0000e+00,5.2135e-02,3.9155e-02,1.4023e-04
5.0500000000000025,1,3,1.7378e-02,5.2135e-02,2.9743e-02,1.0652e-04
5.150000000000002,0,2,0.0000e+00,3.4756e-02,2.2590e-02,8.0907e-05
5.250000000000002,0,2,0.0000e+00,3.4756e-02,1.7156e-02,6.1443e-05
5.350000000000002,0,2,0.0000e+00,3.4756e-02,1.3026e-02,4.6653e-05
5.450000000000003,1,2,1.7378e-02,3.4756e-02,9.8881e-03,3.5414e-05
5.5500000000000025,0,1,0.0000e+00,1.7378e-02,7.5038e-03,2.6875e-05
5.650000000000002,1,1,1.7378e-02,1.7378e-02,5.6920e-03,2.0386e-05
5.750000000000003,0,0,0.0000e+00,0.0000e+00,4.3153e-03,1.5455e-05
5.850000000000003,0,0,0.0000e+00,0.0000e+00,3.2692e-03,1.1708e-05
5.950000000000003,0,0,0.0000e+00,0.0000e+00,2.4743e-03,8.8616e-06
6.0500000000000025,0,0,0.0000e+00,0.0000e+00,1.8703e-03,6.6984e-06
6.150000000000003,0,0,0.0000e+00,0.0000e+00,1.4113e-03,5.0547e-06
6.2500000000000036,0,0,0.0000e+00,0.0000e+00,1.0626e-03,3.8057e-06
6.350000000000003,0,0,0.0000e+00,0.0000e+00,7.9761e-04,2.8566e-06
6.450000000000003,0,0,0.0000e+00,0.0000e+00,5.9625e-04,2.1355e-06
6.550000000000003,0,0,0.0000e+00,0.0000e+00,4.4325e-04,1.5875e-06
6.650000000000004,0,0,0.0000e+00,0.0000e+00,3.2699e-04,1.1711e-06
6.7500000000000036,0,0,0.0000e+00,0.0000e+00,2.3865e-04,8.5471e-07
6.850000000000003,0,0,0.0000e+00,0.0000e+00,1.7152e-04,6.1429e-07
6.950000000000004,0,0,0.0000e+00,0.0000e+00,1.2051e-04,4.3161e-07
7.050000000000003,0,0,0.0000e+00,0.0000e+00,8.1754e-05,2.9280e-07
7.150000000000004,0,0,0.0000e+00,0.0000e+00,5.2304e-05,1.8732e-07
7.250000000000004,0,0,0.0000e+00,0.0000e+00,2.9925e-05,1.0718e-07
7.350000000000004,0,0,0.0000e+00,0.0000e+00,1.2921e-05,4.6276e-08
7.450000000000004,0,0,0.0000e+00,0.0000e+00,-9.9860e-20,-3.5765e-22
