MAG,N_OBS,N_CUM,BIN_RTE,CUM_RTE,MFD_FIT,MFD_FIT_AREA_NORM
2.85,354,1662,6.2607e+00,2.8717e+01,2.9702e+01,2.4691e-01
2.95,328,1308,5.8009e+00,2.2457e+01,2.2457e+01,1.8668e-01
3.0500000000000003,245,980,4.3330e+00,1.6656e+01,1.6979e+01,1.4114e-01
3.1500000000000004,182,735,3.2188e+00,1.2323e+01,1.2837e+01,1.0671e-01
3.2500000000000004,131,553,2.3168e+00,9.1042e+00,9.7054e+00,8.0678e-02
3.3500000000000005,89,422,1.5740e+00,6.7874e+00,7.3379e+00,6.0998e-02
3.4500000000000006,97,333,1.5509e+00,5.2134e+00,5.5479e+00,4.6118e-02
3.5500000000000007,44,236,7.0351e-01,3.6625e+00,4.1945e+00,3.4868e-02
3.650000000000001,58,192,9.2736e-01,2.9589e+00,3.1713e+00,2.6362e-02
3.750000000000001,22,134,3.5176e-01,2.0316e+00,2.3977e+00,1.9931e-02
3.850000000000001,34,112,5.4362e-01,1.6798e+00,1.8128e+00,1.5069e-02
3.950000000000001,16,78,2.5582e-01,1.1362e+00,1.3706e+00,1.1393e-02
4.050000000000001,9,62,1.3731e-01,8.8038e-01,1.0362e+00,8.6136e-03
4.150000000000001,13,53,1.9834e-01,7.4307e-01,7.8341e-01,6.5123e-03
4.250000000000002,7,40,1.0680e-01,5.4473e-01,5.9229e-01,4.9235e-03
4.350000000000001,8,33,1.2206e-01,4.3793e-01,4.4779e-01,3.7223e-03
4.450000000000001,2,25,3.0514e-02,3.1587e-01,3.3854e-01,2.8142e-03
4.550000000000002,5,23,6.4480e-02,2.8536e-01,2.5594e-01,2.1275e-03
4.650000000000002,3,18,3.8688e-02,2.2088e-01,1.9348e-01,1.6084e-03
4.750000000000002,4,15,5.1584e-02,1.8219e-01,1.4627e-01,1.2159e-03
4.850000000000001,1,11,1.2896e-02,1.3060e-01,1.1057e-01,9.1912e-04
4.950000000000002,2,10,2.5792e-02,1.1771e-01,8.3578e-02,6.9476e-04
5.0500000000000025,2,8,2.5792e-02,9.1917e-02,6.3171e-02,5.2512e-04
5.150000000000002,2,6,2.5792e-02,6.6125e-02,4.7743e-02,3.9687e-04
5.250000000000002,1,4,1.2896e-02,4.0333e-02,3.6078e-02,2.9990e-04
5.350000000000002,1,3,1.2896e-02,2.7437e-02,2.7258e-02,2.2659e-04
5.450000000000003,0,2,0.0000e+00,1.4541e-02,2.0590e-02,1.7116e-04
5.5500000000000025,0,2,0.0000e+00,1.4541e-02,1.5549e-02,1.2925e-04
5.650000000000002,0,2,0.0000e+00,1.4541e-02,1.1737e-02,9.7565e-05
5.750000000000003,0,2,0.0000e+00,1.4541e-02,8.8550e-03,7.3609e-05
5.850000000000003,2,2,1.4541e-02,1.4541e-02,6.6762e-03,5.5497e-05
5.950000000000003,0,0,0.0000e+00,0.0000e+00,5.0288e-03,4.1803e-05
6.0500000000000025,0,0,0.0000e+00,0.0000e+00,3.7833e-03,3.1450e-05
6.150000000000003,0,0,0.0000e+00,0.0000e+00,2.8416e-03,2.3622e-05
6.2500000000000036,0,0,0.0000e+00,0.0000e+00,2.1297e-03,1.7703e-05
6.350000000000003,0,0,0.0000e+00,0.0000e+00,1.5914e-03,1.3229e-05
6.450000000000003,0,0,0.0000e+00,0.0000e+00,1.1844e-03,9.8456e-06
6.550000000000003,0,0,0.0000e+00,0.0000e+00,8.7670e-04,7.2878e-06
6.650000000000004,0,0,0.0000e+00,0.0000e+00,6.4406e-04,5.3539e-06
6.7500000000000036,0,0,0.0000e+00,0.0000e+00,4.6817e-04,3.8917e-06
6.850000000000003,0,0,0.0000e+00,0.0000e+00,3.3518e-04,2.7863e-06
6.950000000000003,0,0,0.0000e+00,0.0000e+00,2.3464e-04,1.9505e-06
7.050000000000004,0,0,0.0000e+00,0.0000e+00,1.5862e-04,1.3186e-06
7.150000000000004,0,0,0.0000e+00,0.0000e+00,1.0115e-04,8.4081e-07
7.2500000000000036,0,0,0.0000e+00,0.0000e+00,5.7694e-05,4.7959e-07
7.350000000000003,0,0,0.0000e+00,0.0000e+00,2.4840e-05,2.0648e-07
7.450000000000005,0,0,0.0000e+00,0.0000e+00,0.0000e+00,0.0000e+00
