MAG,N_OBS,N_CUM,BIN_RTE,CUM_RTE,MFD_FIT,MFD_FIT_AREA_NORM
3.0500000000000003,113,396,2.9807e+00,9.8372e+00,8.8467e+00,1.1578e-01
3.1500000000000004,65,283,1.7146e+00,6.8565e+00,6.8563e+00,8.9733e-02
3.2500000000000004,56,218,1.4772e+00,5.1419e+00,5.3138e+00,6.9544e-02
3.3500000000000005,40,162,1.0551e+00,3.6648e+00,4.1182e+00,5.3898e-02
3.4500000000000006,26,122,6.8583e-01,2.6096e+00,3.1917e+00,4.1772e-02
3.5500000000000007,27,96,5.6356e-01,1.9238e+00,2.4736e+00,3.2373e-02
3.650000000000001,20,69,4.1745e-01,1.3602e+00,1.9170e+00,2.5089e-02
3.750000000000001,4,49,8.3490e-02,9.4279e-01,1.4857e+00,1.9444e-02
3.850000000000001,9,45,1.8785e-01,8.5930e-01,1.1514e+00,1.5069e-02
3.950000000000001,5,36,1.0436e-01,6.7145e-01,8.9233e-01,1.1678e-02
4.050000000000001,7,31,1.4611e-01,5.6709e-01,6.9153e-01,9.0505e-03
4.150000000000001,5,24,1.0436e-01,4.2098e-01,5.3591e-01,7.0137e-03
4.250000000000002,3,19,6.2617e-02,3.1662e-01,4.1530e-01,5.4352e-03
4.350000000000001,5,16,1.0436e-01,2.5400e-01,3.2182e-01,4.2118e-03
4.450000000000001,0,11,0.0000e+00,1.4964e-01,2.4937e-01,3.2637e-03
4.550000000000002,1,11,1.5896e-02,1.4964e-01,1.9323e-01,2.5289e-03
4.650000000000002,2,10,3.1791e-02,1.3375e-01,1.4971e-01,1.9593e-03
4.750000000000002,2,8,3.1791e-02,1.0195e-01,1.1598e-01,1.5179e-03
4.850000000000001,1,6,1.5896e-02,7.0163e-02,8.9845e-02,1.1759e-03
4.950000000000002,2,5,3.1791e-02,5.4267e-02,6.9587e-02,9.1073e-04
5.0500000000000025,0,3,0.0000e+00,2.2476e-02,5.3887e-02,7.0525e-04
5.150000000000002,0,3,0.0000e+00,2.2476e-02,4.1719e-02,5.4600e-04
5.250000000000002,0,3,0.0000e+00,2.2476e-02,3.2289e-02,4.2258e-04
5.350000000000002,0,3,0.0000e+00,2.2476e-02,2.4980e-02,3.2692e-04
5.450000000000003,0,3,0.0000e+00,2.2476e-02,1.9315e-02,2.5279e-04
5.5500000000000025,0,3,0.0000e+00,2.2476e-02,1.4925e-02,1.9533e-04
5.650000000000002,0,3,0.0000e+00,2.2476e-02,1.1523e-02,1.5080e-04
5.750000000000003,0,3,0.0000e+00,2.2476e-02,8.8856e-03,1.1629e-04
5.850000000000003,0,3,0.0000e+00,2.2476e-02,6.8418e-03,8.9543e-05
5.950000000000003,0,3,0.0000e+00,2.2476e-02,5.2579e-03,6.8813e-05
6.0500000000000025,1,3,8.4810e-03,2.2476e-02,4.0303e-03,5.2747e-05
6.150000000000003,0,2,0.0000e+00,1.3995e-02,3.0789e-03,4.0295e-05
6.2500000000000036,0,2,0.0000e+00,1.3995e-02,2.3415e-03,3.0645e-05
6.350000000000003,0,2,0.0000e+00,1.3995e-02,1.7701e-03,2.3166e-05
6.450000000000003,0,2,0.0000e+00,1.3995e-02,1.3272e-03,1.7369e-05
6.550000000000003,1,2,6.9974e-03,1.3995e-02,9.8390e-04,1.2877e-05
6.650000000000004,0,1,0.0000e+00,6.9974e-03,7.1786e-04,9.3950e-06
6.7500000000000036,1,1,6.9974e-03,6.9974e-03,5.1167e-04,6.6966e-06
6.850000000000003,0,0,0.0000e+00,0.0000e+00,3.5188e-04,4.6052e-06
6.950000000000004,0,0,0.0000e+00,0.0000e+00,2.2803e-04,2.9843e-06
7.050000000000004,0,0,0.0000e+00,0.0000e+00,1.3204e-04,1.7281e-06
7.150000000000004,0,0,0.0000e+00,0.0000e+00,5.7654e-05,7.5455e-07
7.2500000000000036,0,0,0.0000e+00,0.0000e+00,-4.4101e-19,-5.7717e-21
