MAG,N_OBS,N_CUM,BIN_RTE,CUM_RTE,MFD_FIT,MFD_FIT_AREA_NORM
2.95,223,767,4.2482e+00,1.4466e+01,1.4466e+01,3.6155e-01
3.0500000000000003,129,544,2.4575e+00,1.0218e+01,1.0636e+01,2.6582e-01
3.1500000000000004,96,415,1.8288e+00,7.7605e+00,7.8197e+00,1.9543e-01
3.2500000000000004,105,319,2.0003e+00,5.9317e+00,5.7492e+00,1.4369e-01
3.3500000000000005,45,214,8.5725e-01,3.9314e+00,4.2270e+00,1.0564e-01
3.4500000000000006,43,169,8.1915e-01,3.0742e+00,3.1077e+00,7.7671e-02
3.5500000000000007,25,126,4.7625e-01,2.2550e+00,2.2849e+00,5.7105e-02
3.650000000000001,28,101,5.3340e-01,1.7788e+00,1.6799e+00,4.1985e-02
3.750000000000001,17,73,3.2385e-01,1.2454e+00,1.2351e+00,3.0868e-02
3.850000000000001,10,56,1.9050e-01,9.2153e-01,9.0806e-01,2.2695e-02
3.950000000000001,7,46,1.3335e-01,7.3103e-01,6.6763e-01,1.6686e-02
4.050000000000001,13,39,2.0802e-01,5.9768e-01,4.9085e-01,1.2268e-02
4.150000000000001,6,26,9.6010e-02,3.8966e-01,3.6088e-01,9.0193e-03
4.250000000000002,4,20,6.4007e-02,2.9365e-01,2.6532e-01,6.6311e-03
4.350000000000001,4,16,6.4007e-02,2.2964e-01,1.9507e-01,4.8753e-03
4.450000000000001,3,12,4.8005e-02,1.6563e-01,1.4341e-01,3.5843e-03
4.550000000000002,4,9,5.5178e-02,1.1763e-01,1.0544e-01,2.6352e-03
4.650000000000002,1,5,1.3794e-02,6.2451e-02,7.7517e-02,1.9373e-03
4.750000000000002,1,4,1.3794e-02,4.8656e-02,5.6988e-02,1.4243e-03
4.850000000000001,1,3,1.3794e-02,3.4862e-02,4.1895e-02,1.0471e-03
4.950000000000002,1,2,1.3794e-02,2.1067e-02,3.0799e-02,7.6974e-04
5.0500000000000025,0,1,0.0000e+00,7.2731e-03,2.2640e-02,5.6584e-04
5.150000000000002,0,1,0.0000e+00,7.2731e-03,1.6642e-02,4.1592e-04
5.250000000000002,0,1,0.0000e+00,7.2731e-03,1.2232e-02,3.0570e-04
5.350000000000002,0,1,0.0000e+00,7.2731e-03,8.9893e-03,2.2467e-04
5.450000000000003,0,1,0.0000e+00,7.2731e-03,6.6054e-03,1.6509e-04
5.5500000000000025,0,1,0.0000e+00,7.2731e-03,4.8527e-03,1.2128e-04
5.650000000000002,0,1,0.0000e+00,7.2731e-03,3.5641e-03,8.9076e-05
5.750000000000003,1,1,7.2731e-03,7.2731e-03,2.6167e-03,6.5397e-05
5.850000000000003,0,0,0.0000e+00,0.0000e+00,1.9201e-03,4.7988e-05
5.950000000000003,0,0,0.0000e+00,0.0000e+00,1.4080e-03,3.5189e-05
6.0500000000000025,0,0,0.0000e+00,0.0000e+00,1.0314e-03,2.5778e-05
6.150000000000003,0,0,0.0000e+00,0.0000e+00,7.5460e-04,1.8859e-05
6.2500000000000036,0,0,0.0000e+00,0.0000e+00,5.5107e-04,1.3773e-05
6.350000000000003,0,0,0.0000e+00,0.0000e+00,4.0142e-04,1.0033e-05
6.450000000000003,0,0,0.0000e+00,0.0000e+00,2.9140e-04,7.2829e-06
6.550000000000003,0,0,0.0000e+00,0.0000e+00,2.1051e-04,5.2613e-06
6.650000000000004,0,0,0.0000e+00,0.0000e+00,1.5104e-04,3.7749e-06
6.7500000000000036,0,0,0.0000e+00,0.0000e+00,1.0732e-04,2.6821e-06
6.850000000000003,0,0,0.0000e+00,0.0000e+00,7.5167e-05,1.8786e-06
6.950000000000004,0,0,0.0000e+00,0.0000e+00,5.1532e-05,1.2879e-06
7.050000000000003,0,0,0.0000e+00,0.0000e+00,3.4154e-05,8.5360e-07
7.150000000000004,0,0,0.0000e+00,0.0000e+00,2.1378e-05,5.3428e-07
7.250000000000004,0,0,0.0000e+00,0.0000e+00,1.1984e-05,2.9951e-07
7.350000000000004,0,0,0.0000e+00,0.0000e+00,5.0777e-06,1.2690e-07
7.450000000000004,0,0,0.0000e+00,0.0000e+00,-3.7569e-20,-9.3894e-22
