MAG,N_OBS,N_CUM,BIN_RTE,CUM_RTE,MFD_FIT,MFD_FIT_AREA_NORM
3.0500000000000003,30,197,7.9135e-01,4.8876e+00,5.0987e+00,9.0897e-02
3.1500000000000004,30,167,7.9135e-01,4.0963e+00,4.0959e+00,7.3020e-02
3.2500000000000004,36,137,9.4961e-01,3.3049e+00,3.2904e+00,5.8659e-02
3.3500000000000005,18,101,4.7481e-01,2.3553e+00,2.6432e+00,4.7122e-02
3.4500000000000006,17,83,4.4843e-01,1.8805e+00,2.1233e+00,3.7854e-02
3.5500000000000007,6,66,1.5827e-01,1.4321e+00,1.7057e+00,3.0408e-02
3.650000000000001,9,60,2.3740e-01,1.2738e+00,1.3702e+00,2.4427e-02
3.750000000000001,4,51,1.0551e-01,1.0364e+00,1.1007e+00,1.9622e-02
3.850000000000001,8,47,2.1103e-01,9.3089e-01,8.8415e-01,1.5762e-02
3.950000000000001,6,39,1.5827e-01,7.1987e-01,7.1021e-01,1.2661e-02
4.050000000000001,7,33,1.3230e-01,5.6160e-01,5.7047e-01,1.0170e-02
4.150000000000001,2,26,3.7800e-02,4.2930e-01,4.5822e-01,8.1688e-03
4.250000000000002,4,24,7.5600e-02,3.9150e-01,3.6804e-01,6.5612e-03
4.350000000000001,2,20,3.7800e-02,3.1590e-01,2.9560e-01,5.2697e-03
4.450000000000001,2,18,3.7800e-02,2.7810e-01,2.3740e-01,4.2322e-03
4.550000000000002,4,16,6.3583e-02,2.4030e-01,1.9065e-01,3.3987e-03
4.650000000000002,2,12,3.1791e-02,1.7672e-01,1.5309e-01,2.7292e-03
4.750000000000002,2,10,3.1791e-02,1.4493e-01,1.2292e-01,2.1913e-03
4.850000000000001,2,8,3.1791e-02,1.1313e-01,9.8679e-02,1.7592e-03
4.950000000000002,2,6,3.1791e-02,8.1343e-02,7.9207e-02,1.4121e-03
5.0500000000000025,1,4,1.5896e-02,4.9552e-02,6.3565e-02,1.1332e-03
5.150000000000002,1,3,1.5896e-02,3.3656e-02,5.0999e-02,9.0917e-04
5.250000000000002,0,2,0.0000e+00,1.7760e-02,4.0904e-02,7.2921e-04
5.350000000000002,0,2,0.0000e+00,1.7760e-02,3.2794e-02,5.8463e-04
5.450000000000003,0,2,0.0000e+00,1.7760e-02,2.6279e-02,4.6849e-04
5.5500000000000025,0,2,0.0000e+00,1.7760e-02,2.1046e-02,3.7519e-04
5.650000000000002,0,2,0.0000e+00,1.7760e-02,1.6841e-02,3.0023e-04
5.750000000000003,0,2,0.0000e+00,1.7760e-02,1.3464e-02,2.4002e-04
5.850000000000003,1,2,1.0763e-02,1.7760e-02,1.0750e-02,1.9165e-04
5.950000000000003,0,1,0.0000e+00,6.9974e-03,8.5706e-03,1.5279e-04
6.0500000000000025,0,1,0.0000e+00,6.9974e-03,6.8195e-03,1.2157e-04
6.150000000000003,0,1,0.0000e+00,6.9974e-03,5.4128e-03,9.6496e-05
6.2500000000000036,0,1,0.0000e+00,6.9974e-03,4.2828e-03,7.6350e-05
6.350000000000003,0,1,0.0000e+00,6.9974e-03,3.3749e-03,6.0166e-05
6.450000000000003,0,1,0.0000e+00,6.9974e-03,2.6456e-03,4.7165e-05
6.550000000000003,1,1,6.9974e-03,6.9974e-03,2.0598e-03,3.6720e-05
6.650000000000004,0,0,0.0000e+00,0.0000e+00,1.5891e-03,2.8330e-05
6.7500000000000036,0,0,0.0000e+00,0.0000e+00,1.2110e-03,2.1589e-05
6.850000000000003,0,0,0.0000e+00,0.0000e+00,9.0727e-04,1.6174e-05
6.950000000000004,0,0,0.0000e+00,0.0000e+00,6.6326e-04,1.1824e-05
7.050000000000004,0,0,0.0000e+00,0.0000e+00,4.6724e-04,8.3297e-06
7.150000000000004,0,0,0.0000e+00,0.0000e+00,3.0977e-04,5.5224e-06
7.2500000000000036,0,0,0.0000e+00,0.0000e+00,1.8327e-04,3.2671e-06
7.350000000000005,0,0,0.0000e+00,0.0000e+00,8.1640e-05,1.4554e-06
7.450000000000005,0,0,0.0000e+00,0.0000e+00,0.0000e+00,0.0000e+00
