MAG,N_OBS,N_CUM,BIN_RTE,CUM_RTE,MFD_FIT,MFD_FIT_AREA_NORM
3.0500000000000003,21,106,5.5394e-01,2.6479e+00,2.8273e+00,1.1828e-01
3.1500000000000004,15,85,3.9567e-01,2.0940e+00,2.1912e+00,9.1670e-02
3.2500000000000004,12,70,3.1654e-01,1.6983e+00,1.6982e+00,7.1046e-02
3.3500000000000005,8,58,2.1103e-01,1.3818e+00,1.3162e+00,5.5061e-02
3.4500000000000006,8,50,2.1103e-01,1.1707e+00,1.0200e+00,4.2673e-02
3.5500000000000007,6,42,1.5827e-01,9.5972e-01,7.9055e-01,3.3072e-02
3.650000000000001,8,36,2.1103e-01,8.0145e-01,6.1268e-01,2.5631e-02
3.750000000000001,2,28,5.2756e-02,5.9043e-01,4.7482e-01,1.9864e-02
3.850000000000001,5,26,1.3189e-01,5.3767e-01,3.6799e-01,1.5395e-02
3.950000000000001,4,21,1.0551e-01,4.0578e-01,2.8518e-01,1.1931e-02
4.050000000000001,3,17,5.6700e-02,3.0027e-01,2.2101e-01,9.2458e-03
4.150000000000001,1,14,1.8900e-02,2.4357e-01,1.7127e-01,7.1651e-03
4.250000000000002,5,13,9.4500e-02,2.2467e-01,1.3273e-01,5.5526e-03
4.350000000000001,1,8,1.8900e-02,1.3017e-01,1.0285e-01,4.3028e-03
4.450000000000001,0,7,0.0000e+00,1.1127e-01,7.9698e-02,3.3341e-03
4.550000000000002,2,7,3.1791e-02,1.1127e-01,6.1754e-02,2.5834e-03
4.650000000000002,1,5,1.5896e-02,7.9478e-02,4.7846e-02,2.0016e-03
4.750000000000002,2,4,3.1791e-02,6.3583e-02,3.7068e-02,1.5507e-03
4.850000000000001,0,2,0.0000e+00,3.1791e-02,2.8714e-02,1.2012e-03
4.950000000000002,0,2,0.0000e+00,3.1791e-02,2.2240e-02,9.3039e-04
5.0500000000000025,0,2,0.0000e+00,3.1791e-02,1.7222e-02,7.2048e-04
5.150000000000002,1,2,1.5896e-02,3.1791e-02,1.3333e-02,5.5779e-04
5.250000000000002,1,1,1.5896e-02,1.5896e-02,1.0319e-02,4.3170e-04
5.350000000000002,0,0,0.0000e+00,0.0000e+00,7.9834e-03,3.3398e-04
5.450000000000003,0,0,0.0000e+00,0.0000e+00,6.1730e-03,2.5825e-04
5.5500000000000025,0,0,0.0000e+00,0.0000e+00,4.7700e-03,1.9955e-04
5.650000000000002,0,0,0.0000e+00,0.0000e+00,3.6826e-03,1.5406e-04
5.750000000000003,0,0,0.0000e+00,0.0000e+00,2.8398e-03,1.1880e-04
5.850000000000003,0,0,0.0000e+00,0.0000e+00,2.1866e-03,9.1476e-05
5.950000000000003,0,0,0.0000e+00,0.0000e+00,1.6804e-03,7.0299e-05
6.0500000000000025,0,0,0.0000e+00,0.0000e+00,1.2881e-03,5.3886e-05
6.150000000000003,0,0,0.0000e+00,0.0000e+00,9.8400e-04,4.1165e-05
6.2500000000000036,0,0,0.0000e+00,0.0000e+00,7.4834e-04,3.1307e-05
6.350000000000003,0,0,0.0000e+00,0.0000e+00,5.6570e-04,2.3666e-05
6.450000000000003,0,0,0.0000e+00,0.0000e+00,4.2415e-04,1.7744e-05
6.550000000000003,0,0,0.0000e+00,0.0000e+00,3.1445e-04,1.3155e-05
6.650000000000004,0,0,0.0000e+00,0.0000e+00,2.2942e-04,9.5978e-06
6.7500000000000036,0,0,0.0000e+00,0.0000e+00,1.6353e-04,6.8411e-06
6.850000000000003,0,0,0.0000e+00,0.0000e+00,1.1246e-04,4.7046e-06
6.950000000000004,0,0,0.0000e+00,0.0000e+00,7.2877e-05,3.0488e-06
7.050000000000004,0,0,0.0000e+00,0.0000e+00,4.2201e-05,1.7654e-06
7.150000000000004,0,0,0.0000e+00,0.0000e+00,1.8426e-05,7.7084e-07
7.2500000000000036,0,0,0.0000e+00,0.0000e+00,-1.4094e-19,-5.8963e-21
