MAG,N_OBS,N_CUM,BIN_RTE,CUM_RTE,MFD_FIT,MFD_FIT_AREA_NORM
3.1500000000000004,20,122,4.6609e-01,2.4504e+00,2.4503e+00,5.2033e-01
3.2500000000000004,20,102,4.6609e-01,1.9843e+00,1.8920e+00,4.0177e-01
3.3500000000000005,18,82,4.1948e-01,1.5182e+00,1.4609e+00,3.1022e-01
3.4500000000000006,15,64,3.4957e-01,1.0987e+00,1.1280e+00,2.3953e-01
3.5500000000000007,12,49,1.9075e-01,7.4915e-01,8.7097e-01,1.8495e-01
3.650000000000001,13,37,2.0664e-01,5.5840e-01,6.7250e-01,1.4281e-01
3.750000000000001,1,24,1.5896e-02,3.5176e-01,5.1926e-01,1.1026e-01
3.850000000000001,2,23,3.1791e-02,3.3586e-01,4.0093e-01,8.5138e-02
3.950000000000001,1,21,1.5896e-02,3.0407e-01,3.0956e-01,6.5736e-02
4.050000000000001,3,20,4.7687e-02,2.8817e-01,2.3901e-01,5.0755e-02
4.150000000000001,4,17,6.3583e-02,2.4049e-01,1.8454e-01,3.9187e-02
4.250000000000002,2,13,3.1791e-02,1.7690e-01,1.4248e-01,3.0255e-02
4.350000000000001,3,11,4.7687e-02,1.4511e-01,1.1000e-01,2.3359e-02
4.450000000000001,0,8,0.0000e+00,9.7427e-02,8.4922e-02,1.8033e-02
4.550000000000002,2,8,2.7431e-02,9.7427e-02,6.5559e-02,1.3921e-02
4.650000000000002,1,6,1.3716e-02,6.9995e-02,5.0607e-02,1.0746e-02
4.750000000000002,0,5,0.0000e+00,5.6280e-02,3.9062e-02,8.2949e-03
4.850000000000001,0,5,0.0000e+00,5.6280e-02,3.0148e-02,6.4019e-03
4.950000000000002,2,5,2.7431e-02,5.6280e-02,2.3265e-02,4.9403e-03
5.0500000000000025,0,3,0.0000e+00,2.8849e-02,1.7950e-02,3.8117e-03
5.150000000000002,1,3,1.3716e-02,2.8849e-02,1.3846e-02,2.9402e-03
5.250000000000002,0,2,0.0000e+00,1.5133e-02,1.0677e-02,2.2673e-03
5.350000000000002,0,2,0.0000e+00,1.5133e-02,8.2306e-03,1.7478e-03
5.450000000000003,0,2,0.0000e+00,1.5133e-02,6.3413e-03,1.3466e-03
5.5500000000000025,0,2,0.0000e+00,1.5133e-02,4.8825e-03,1.0368e-03
5.650000000000002,0,2,0.0000e+00,1.5133e-02,3.7562e-03,7.9762e-04
5.750000000000003,0,2,0.0000e+00,1.5133e-02,2.8864e-03,6.1293e-04
5.850000000000003,0,2,0.0000e+00,1.5133e-02,2.2149e-03,4.7033e-04
5.950000000000003,0,2,0.0000e+00,1.5133e-02,1.6963e-03,3.6021e-04
6.0500000000000025,1,2,8.1360e-03,1.5133e-02,1.2959e-03,2.7519e-04
6.150000000000003,0,1,0.0000e+00,6.9974e-03,9.8675e-04,2.0954e-04
6.2500000000000036,0,1,0.0000e+00,6.9974e-03,7.4803e-04,1.5884e-04
6.350000000000003,0,1,0.0000e+00,6.9974e-03,5.6370e-04,1.1970e-04
6.450000000000003,0,1,0.0000e+00,6.9974e-03,4.2137e-04,8.9479e-05
6.550000000000003,1,1,6.9974e-03,6.9974e-03,3.1148e-04,6.6142e-05
6.650000000000004,0,0,0.0000e+00,0.0000e+00,2.2662e-04,4.8123e-05
6.7500000000000036,0,0,0.0000e+00,0.0000e+00,1.6110e-04,3.4209e-05
6.850000000000003,0,0,0.0000e+00,0.0000e+00,1.1050e-04,2.3466e-05
6.950000000000004,0,0,0.0000e+00,0.0000e+00,7.1439e-05,1.5170e-05
7.050000000000004,0,0,0.0000e+00,0.0000e+00,4.1275e-05,8.7648e-06
7.150000000000004,0,0,0.0000e+00,0.0000e+00,1.7984e-05,3.8189e-06
7.2500000000000036,0,0,0.0000e+00,0.0000e+00,-1.3532e-19,-2.8736e-20
