MAG,N_OBS,N_CUM,BIN_RTE,CUM_RTE,MFD_FIT,MFD_FIT_AREA_NORM
3.0500000000000003,12,55,2.8206e-01,1.2547e+00,1.2547e+00,1.0107e-01
3.1500000000000004,11,43,2.5856e-01,9.7262e-01,9.5440e-01,7.6883e-02
3.2500000000000004,8,32,1.8804e-01,7.1406e-01,7.2599e-01,5.8483e-02
3.3500000000000005,1,24,2.3505e-02,5.2602e-01,5.5224e-01,4.4487e-02
3.4500000000000006,1,23,2.3505e-02,5.0251e-01,4.2008e-01,3.3840e-02
3.5500000000000007,8,22,1.8804e-01,4.7901e-01,3.1954e-01,2.5741e-02
3.650000000000001,3,14,7.0516e-02,2.9097e-01,2.4306e-01,1.9580e-02
3.750000000000001,2,11,4.7011e-02,2.2045e-01,1.8489e-01,1.4894e-02
3.850000000000001,3,9,7.0516e-02,1.7344e-01,1.4064e-01,1.1330e-02
3.950000000000001,0,6,0.0000e+00,1.0292e-01,1.0698e-01,8.6180e-03
4.050000000000001,2,6,3.8064e-02,1.0292e-01,8.1376e-02,6.5553e-03
4.150000000000001,0,4,0.0000e+00,6.4858e-02,6.1899e-02,4.9863e-03
4.250000000000002,1,4,1.9032e-02,6.4858e-02,4.7083e-02,3.7929e-03
4.350000000000001,1,3,1.9032e-02,4.5827e-02,3.5813e-02,2.8850e-03
4.450000000000001,0,2,0.0000e+00,2.6795e-02,2.7241e-02,2.1944e-03
4.550000000000002,0,2,0.0000e+00,2.6795e-02,2.0720e-02,1.6691e-03
4.650000000000002,0,2,0.0000e+00,2.6795e-02,1.5759e-02,1.2695e-03
4.750000000000002,1,2,1.5989e-02,2.6795e-02,1.1986e-02,9.6553e-04
4.850000000000001,0,1,0.0000e+00,1.0806e-02,9.1155e-03,7.3431e-04
4.950000000000002,0,1,0.0000e+00,1.0806e-02,6.9322e-03,5.5843e-04
5.0500000000000025,0,1,0.0000e+00,1.0806e-02,5.2714e-03,4.2464e-04
5.150000000000002,0,1,0.0000e+00,1.0806e-02,4.0080e-03,3.2287e-04
5.250000000000002,0,1,0.0000e+00,1.0806e-02,3.0470e-03,2.4546e-04
5.350000000000002,0,1,0.0000e+00,1.0806e-02,2.3160e-03,1.8657e-04
5.450000000000003,0,1,0.0000e+00,1.0806e-02,1.7600e-03,1.4178e-04
5.5500000000000025,1,1,1.0806e-02,1.0806e-02,1.3370e-03,1.0770e-04
5.650000000000002,0,0,0.0000e+00,0.0000e+00,1.0152e-03,8.1783e-05
5.750000000000003,0,0,0.0000e+00,0.0000e+00,7.7048e-04,6.2067e-05
5.850000000000003,0,0,0.0000e+00,0.0000e+00,5.8431e-04,4.7070e-05
5.950000000000003,0,0,0.0000e+00,0.0000e+00,4.4269e-04,3.5662e-05
6.0500000000000025,0,0,0.0000e+00,0.0000e+00,3.3497e-04,2.6984e-05
6.150000000000003,0,0,0.0000e+00,0.0000e+00,2.5302e-04,2.0382e-05
6.2500000000000036,0,0,0.0000e+00,0.0000e+00,1.9069e-04,1.5361e-05
6.350000000000003,0,0,0.0000e+00,0.0000e+00,1.4327e-04,1.1541e-05
6.450000000000003,0,0,0.0000e+00,0.0000e+00,1.0720e-04,8.6359e-06
6.550000000000003,0,0,0.0000e+00,0.0000e+00,7.9768e-05,6.4258e-06
6.650000000000004,0,0,0.0000e+00,0.0000e+00,5.8898e-05,4.7446e-06
6.7500000000000036,0,0,0.0000e+00,0.0000e+00,4.3023e-05,3.4657e-06
6.850000000000003,0,0,0.0000e+00,0.0000e+00,3.0947e-05,2.4930e-06
6.950000000000004,0,0,0.0000e+00,0.0000e+00,2.1761e-05,1.7530e-06
7.050000000000004,0,0,0.0000e+00,0.0000e+00,1.4773e-05,1.1901e-06
7.150000000000004,0,0,0.0000e+00,0.0000e+00,9.4582e-06,7.6192e-07
7.2500000000000036,0,0,0.0000e+00,0.0000e+00,5.4150e-06,4.3621e-07
7.350000000000005,0,0,0.0000e+00,0.0000e+00,2.3395e-06,1.8846e-07
7.450000000000005,0,0,0.0000e+00,0.0000e+00,0.0000e+00,0.0000e+00
