MAG,N_OBS,N_CUM,BIN_RTE,CUM_RTE,MFD_FIT,MFD_FIT_AREA_NORM
2.95,240,921,5.0480e+00,1.9295e+01,1.9295e+01,8.0395e-02
3.0500000000000003,160,681,3.3653e+00,1.4247e+01,1.4509e+01,6.0454e-02
3.1500000000000004,144,521,3.0288e+00,1.0882e+01,1.0910e+01,4.5459e-02
3.2500000000000004,94,377,1.9771e+00,7.8528e+00,8.2041e+00,3.4184e-02
3.3500000000000005,58,283,1.2199e+00,5.8757e+00,6.1692e+00,2.5705e-02
3.4500000000000006,61,225,1.2830e+00,4.6558e+00,4.6390e+00,1.9329e-02
3.5500000000000007,40,164,8.4134e-01,3.3727e+00,3.4883e+00,1.4535e-02
3.650000000000001,32,124,6.7307e-01,2.5314e+00,2.6231e+00,1.0929e-02
3.750000000000001,16,92,3.3653e-01,1.8583e+00,1.9724e+00,8.2184e-03
3.850000000000001,20,76,4.2067e-01,1.5218e+00,1.4832e+00,6.1799e-03
3.950000000000001,8,56,1.6827e-01,1.1011e+00,1.1153e+00,4.6470e-03
4.050000000000001,12,48,2.5240e-01,9.3284e-01,8.3864e-01,3.4943e-03
4.150000000000001,6,36,1.2620e-01,6.8044e-01,6.3061e-01,2.6275e-03
4.250000000000002,4,30,8.4134e-02,5.5424e-01,4.7418e-01,1.9758e-03
4.350000000000001,5,26,1.0517e-01,4.7011e-01,3.5656e-01,1.4856e-03
4.450000000000001,3,21,5.2135e-02,3.6494e-01,2.6810e-01,1.1171e-03
4.550000000000002,5,18,8.6891e-02,3.1281e-01,2.0159e-01,8.3996e-04
4.650000000000002,2,13,3.4756e-02,2.2592e-01,1.5158e-01,6.3156e-04
4.750000000000002,3,11,5.2135e-02,1.9116e-01,1.1397e-01,4.7486e-04
4.850000000000001,1,8,1.7378e-02,1.3903e-01,8.5686e-02,3.5702e-04
4.950000000000002,1,7,1.7378e-02,1.2165e-01,6.4420e-02,2.6841e-04
5.0500000000000025,1,6,1.7378e-02,1.0427e-01,4.8428e-02,2.0178e-04
5.150000000000002,1,5,1.7378e-02,8.6891e-02,3.6403e-02,1.5168e-04
5.250000000000002,1,4,1.7378e-02,6.9513e-02,2.7361e-02,1.1400e-04
5.350000000000002,1,3,1.7378e-02,5.2135e-02,2.0562e-02,8.5673e-05
5.450000000000003,0,2,0.0000e+00,3.4756e-02,1.5449e-02,6.4370e-05
5.5500000000000025,0,2,0.0000e+00,3.4756e-02,1.1604e-02,4.8350e-05
5.650000000000002,1,2,1.7378e-02,3.4756e-02,8.7130e-03,3.6304e-05
5.750000000000003,0,1,0.0000e+00,1.7378e-02,6.5390e-03,2.7246e-05
5.850000000000003,1,1,1.7378e-02,1.7378e-02,4.9042e-03,2.0434e-05
5.950000000000003,0,0,0.0000e+00,0.0000e+00,3.6749e-03,1.5312e-05
6.0500000000000025,0,0,0.0000e+00,0.0000e+00,2.7506e-03,1.1461e-05
6.150000000000003,0,0,0.0000e+00,0.0000e+00,2.0555e-03,8.5644e-06
6.2500000000000036,0,0,0.0000e+00,0.0000e+00,1.5328e-03,6.3866e-06
6.350000000000003,0,0,0.0000e+00,0.0000e+00,1.1398e-03,4.7490e-06
6.450000000000003,0,0,0.0000e+00,0.0000e+00,8.4421e-04,3.5175e-06
6.550000000000003,0,0,0.0000e+00,0.0000e+00,6.2197e-04,2.5915e-06
6.650000000000004,0,0,0.0000e+00,0.0000e+00,4.5485e-04,1.8952e-06
6.7500000000000036,0,0,0.0000e+00,0.0000e+00,3.2918e-04,1.3716e-06
6.850000000000003,0,0,0.0000e+00,0.0000e+00,2.3469e-04,9.7785e-07
6.950000000000004,0,0,0.0000e+00,0.0000e+00,1.6363e-04,6.8178e-07
7.050000000000003,0,0,0.0000e+00,0.0000e+00,1.1020e-04,4.5915e-07
7.150000000000004,0,0,0.0000e+00,0.0000e+00,7.0017e-05,2.9173e-07
7.250000000000004,0,0,0.0000e+00,0.0000e+00,3.9803e-05,1.6585e-07
7.350000000000004,0,0,0.0000e+00,0.0000e+00,1.7084e-05,7.1183e-08
7.450000000000004,0,0,0.0000e+00,0.0000e+00,-1.2650e-19,-5.2709e-22
