MAG,N_OBS,N_CUM,BIN_RTE,CUM_RTE,MFD_FIT,MFD_FIT_AREA_NORM
5.55,4,61,2.2304e-01,1.4661e+00,1.4548e+00,1.0026e-01
5.6499999999999995,4,57,2.2304e-01,1.2431e+00,1.1858e+00,8.1726e-02
5.749999999999999,4,53,8.3447e-02,1.0200e+00,9.6618e-01,6.6590e-02
5.849999999999999,8,49,1.6689e-01,9.3657e-01,7.8685e-01,5.4230e-02
5.949999999999998,10,41,2.0862e-01,7.6967e-01,6.4042e-01,4.4138e-02
6.049999999999998,7,31,1.4603e-01,5.6105e-01,5.2086e-01,3.5898e-02
6.149999999999998,2,24,4.1724e-02,4.1502e-01,4.2322e-01,2.9169e-02
6.249999999999997,8,22,1.3574e-01,3.7330e-01,3.4350e-01,2.3675e-02
6.349999999999997,0,14,0.0000e+00,2.3755e-01,2.7841e-01,1.9188e-02
6.449999999999997,1,14,1.6968e-02,2.3755e-01,2.2526e-01,1.5525e-02
6.549999999999996,3,13,5.0904e-02,2.2058e-01,1.8186e-01,1.2534e-02
6.649999999999996,2,10,3.3936e-02,1.6968e-01,1.4642e-01,1.0091e-02
6.749999999999996,1,8,1.6968e-02,1.3574e-01,1.1748e-01,8.0968e-03
6.849999999999995,1,7,1.6968e-02,1.1878e-01,9.3852e-02,6.4683e-03
6.949999999999995,0,6,0.0000e+00,1.0181e-01,7.4558e-02,5.1386e-03
7.0499999999999945,3,6,5.0904e-02,1.0181e-01,5.8804e-02,4.0528e-03
7.149999999999994,0,3,0.0000e+00,5.0904e-02,4.5940e-02,3.1662e-03
7.249999999999994,1,3,1.6968e-02,5.0904e-02,3.5436e-02,2.4423e-03
7.349999999999993,2,2,3.3936e-02,3.3936e-02,2.6859e-02,1.8512e-03
7.449999999999993,0,0,0.0000e+00,0.0000e+00,1.9856e-02,1.3685e-03
7.549999999999993,0,0,0.0000e+00,0.0000e+00,1.4138e-02,9.7437e-04
7.649999999999992,0,0,0.0000e+00,0.0000e+00,9.4682e-03,6.5255e-04
7.749999999999992,0,0,0.0000e+00,0.0000e+00,5.6554e-03,3.8977e-04
7.849999999999992,0,0,0.0000e+00,0.0000e+00,2.5421e-03,1.7520e-04
7.949999999999991,0,0,0.0000e+00,0.0000e+00,2.5421e-03,1.7520e-04
