MAG,N_OBS,N_CUM,BIN_RTE,CUM_RTE,MFD_FIT,MFD_FIT_AREA_NORM
2.95,52,312,2.3067e+00,1.1554e+01,1.2191e+01,4.3661e-02
3.0500000000000003,38,260,1.6856e+00,9.2471e+00,9.2471e+00,3.3118e-02
3.1500000000000004,37,222,1.6413e+00,7.5615e+00,7.0141e+00,2.5121e-02
3.2500000000000004,35,185,1.5526e+00,5.9202e+00,5.3204e+00,1.9055e-02
3.3500000000000005,25,150,1.1090e+00,4.3677e+00,4.0356e+00,1.4454e-02
3.4500000000000006,26,125,7.9893e-01,3.2587e+00,3.0611e+00,1.0963e-02
3.5500000000000007,24,99,7.3748e-01,2.4597e+00,2.3219e+00,8.3159e-03
3.650000000000001,14,75,4.3019e-01,1.7223e+00,1.7612e+00,6.3078e-03
3.750000000000001,6,61,1.8437e-01,1.2921e+00,1.3359e+00,4.7846e-03
3.850000000000001,10,55,3.0728e-01,1.1077e+00,1.0133e+00,3.6292e-03
3.950000000000001,9,45,1.7129e-01,8.0042e-01,7.6862e-01,2.7528e-03
4.050000000000001,11,36,2.0935e-01,6.2914e-01,5.8301e-01,2.0880e-03
4.150000000000001,2,25,3.8064e-02,4.1979e-01,4.4221e-01,1.5838e-03
4.250000000000002,4,23,7.6128e-02,3.8172e-01,3.3542e-01,1.2013e-03
4.350000000000001,4,19,7.6128e-02,3.0559e-01,2.5441e-01,9.1117e-04
4.450000000000001,3,15,4.7967e-02,2.2947e-01,1.9297e-01,6.9110e-04
4.550000000000002,2,12,3.1978e-02,1.8150e-01,1.4636e-01,5.2418e-04
4.650000000000002,2,10,3.1978e-02,1.4952e-01,1.1100e-01,3.9756e-04
4.750000000000002,3,8,4.7967e-02,1.1754e-01,8.4188e-02,3.0152e-04
4.850000000000001,1,5,1.5989e-02,6.9578e-02,6.3847e-02,2.2867e-04
4.950000000000002,0,4,0.0000e+00,5.3589e-02,4.8418e-02,1.7341e-04
5.0500000000000025,1,4,1.5989e-02,5.3589e-02,3.6715e-02,1.3149e-04
5.150000000000002,0,3,0.0000e+00,3.7600e-02,2.7837e-02,9.9699e-05
5.250000000000002,0,3,0.0000e+00,3.7600e-02,2.1104e-02,7.5582e-05
5.350000000000002,0,3,0.0000e+00,3.7600e-02,1.5996e-02,5.7289e-05
5.450000000000003,1,3,1.5989e-02,3.7600e-02,1.2122e-02,4.3413e-05
5.5500000000000025,1,2,1.0806e-02,2.1611e-02,9.1829e-03,3.2888e-05
5.650000000000002,1,1,1.0806e-02,1.0806e-02,6.9538e-03,2.4905e-05
5.750000000000003,0,0,0.0000e+00,0.0000e+00,5.2629e-03,1.8849e-05
5.850000000000003,0,0,0.0000e+00,0.0000e+00,3.9804e-03,1.4256e-05
5.950000000000003,0,0,0.0000e+00,0.0000e+00,3.0075e-03,1.0771e-05
6.0500000000000025,0,0,0.0000e+00,0.0000e+00,2.2696e-03,8.1286e-06
6.150000000000003,0,0,0.0000e+00,0.0000e+00,1.7099e-03,6.1239e-06
6.2500000000000036,0,0,0.0000e+00,0.0000e+00,1.2853e-03,4.6033e-06
6.350000000000003,0,0,0.0000e+00,0.0000e+00,9.6325e-04,3.4499e-06
6.450000000000003,0,0,0.0000e+00,0.0000e+00,7.1897e-04,2.5750e-06
6.550000000000003,0,0,0.0000e+00,0.0000e+00,5.3367e-04,1.9113e-06
6.650000000000004,0,0,0.0000e+00,0.0000e+00,3.9312e-04,1.4080e-06
6.7500000000000036,0,0,0.0000e+00,0.0000e+00,2.8651e-04,1.0261e-06
6.850000000000003,0,0,0.0000e+00,0.0000e+00,2.0564e-04,7.3650e-07
6.950000000000004,0,0,0.0000e+00,0.0000e+00,1.4430e-04,5.1681e-07
7.050000000000003,0,0,0.0000e+00,0.0000e+00,9.7772e-05,3.5017e-07
7.150000000000004,0,0,0.0000e+00,0.0000e+00,6.2479e-05,2.2377e-07
7.250000000000004,0,0,0.0000e+00,0.0000e+00,3.5709e-05,1.2789e-07
7.350000000000004,0,0,0.0000e+00,0.0000e+00,1.5403e-05,5.5164e-08
7.450000000000004,0,0,0.0000e+00,0.0000e+00,-1.1818e-19,-4.2324e-22
