MAG,N_OBS,N_CUM,BIN_RTE,CUM_RTE,MFD_FIT,MFD_FIT_AREA_NORM
3.0500000000000003,16,68,3.6745e-01,1.5043e+00,1.4911e+00,1.7158e-02
3.1500000000000004,11,52,2.5262e-01,1.1369e+00,1.1918e+00,1.3714e-02
3.2500000000000004,8,41,1.8372e-01,8.8426e-01,9.5262e-01,1.0962e-02
3.3500000000000005,4,33,9.1862e-02,7.0053e-01,7.6144e-01,8.7618e-03
3.4500000000000006,8,29,1.8372e-01,6.0867e-01,6.0862e-01,7.0034e-03
3.5500000000000007,3,21,6.8897e-02,4.2494e-01,4.8647e-01,5.5978e-03
3.650000000000001,2,18,4.5931e-02,3.5605e-01,3.8883e-01,4.4743e-03
3.750000000000001,1,16,2.2966e-02,3.1012e-01,3.1079e-01,3.5762e-03
3.850000000000001,4,15,9.1862e-02,2.8715e-01,2.4841e-01,2.8584e-03
3.950000000000001,1,11,1.9032e-02,1.9529e-01,1.9855e-01,2.2847e-03
4.050000000000001,0,10,0.0000e+00,1.7626e-01,1.5869e-01,1.8261e-03
4.150000000000001,2,10,3.8064e-02,1.7626e-01,1.2683e-01,1.4595e-03
4.250000000000002,2,8,3.8064e-02,1.3819e-01,1.0137e-01,1.1665e-03
4.350000000000001,2,6,3.8064e-02,1.0013e-01,8.1017e-02,9.3226e-04
4.450000000000001,2,4,3.8064e-02,6.2065e-02,6.4748e-02,7.4505e-04
4.550000000000002,0,2,0.0000e+00,2.4001e-02,5.1744e-02,5.9542e-04
4.650000000000002,0,2,0.0000e+00,2.4001e-02,4.1350e-02,4.7581e-04
4.750000000000002,0,2,0.0000e+00,2.4001e-02,3.3042e-02,3.8021e-04
4.850000000000001,0,2,0.0000e+00,2.4001e-02,2.6401e-02,3.0379e-04
4.950000000000002,0,2,0.0000e+00,2.4001e-02,2.1092e-02,2.4271e-04
5.0500000000000025,0,2,0.0000e+00,2.4001e-02,1.6849e-02,1.9389e-04
5.150000000000002,0,2,0.0000e+00,2.4001e-02,1.3458e-02,1.5486e-04
5.250000000000002,1,2,1.5493e-02,2.4001e-02,1.0747e-02,1.2367e-04
5.350000000000002,0,1,0.0000e+00,8.5075e-03,8.5803e-03,9.8734e-05
5.450000000000003,0,1,0.0000e+00,8.5075e-03,6.8484e-03,7.8804e-05
5.5500000000000025,0,1,0.0000e+00,8.5075e-03,5.4640e-03,6.2874e-05
5.650000000000002,0,1,0.0000e+00,8.5075e-03,4.3574e-03,5.0141e-05
5.750000000000003,0,1,0.0000e+00,8.5075e-03,3.4729e-03,3.9963e-05
5.850000000000003,0,1,0.0000e+00,8.5075e-03,2.7659e-03,3.1828e-05
5.950000000000003,0,1,0.0000e+00,8.5075e-03,2.2008e-03,2.5325e-05
6.0500000000000025,1,1,8.5075e-03,8.5075e-03,1.7491e-03,2.0127e-05
6.150000000000003,0,0,0.0000e+00,0.0000e+00,1.3881e-03,1.5973e-05
6.2500000000000036,0,0,0.0000e+00,0.0000e+00,1.0995e-03,1.2652e-05
6.350000000000003,0,0,0.0000e+00,0.0000e+00,8.6882e-04,9.9975e-06
6.450000000000003,0,0,0.0000e+00,0.0000e+00,6.8443e-04,7.8758e-06
6.550000000000003,0,0,0.0000e+00,0.0000e+00,5.3705e-04,6.1799e-06
6.650000000000004,0,0,0.0000e+00,0.0000e+00,4.1925e-04,4.8243e-06
6.7500000000000036,0,0,0.0000e+00,0.0000e+00,3.2509e-04,3.7408e-06
6.850000000000003,0,0,0.0000e+00,0.0000e+00,2.4982e-04,2.8747e-06
6.950000000000004,0,0,0.0000e+00,0.0000e+00,1.8966e-04,2.1825e-06
7.050000000000004,0,0,0.0000e+00,0.0000e+00,1.4158e-04,1.6291e-06
7.150000000000004,0,0,0.0000e+00,0.0000e+00,1.0314e-04,1.1868e-06
7.2500000000000036,0,0,0.0000e+00,0.0000e+00,7.2418e-05,8.3331e-07
7.350000000000005,0,0,0.0000e+00,0.0000e+00,4.7860e-05,5.5073e-07
7.450000000000005,0,0,0.0000e+00,0.0000e+00,2.8231e-05,3.2485e-07
7.550000000000004,0,0,0.0000e+00,0.0000e+00,1.2541e-05,1.4431e-07
7.650000000000004,0,0,0.0000e+00,0.0000e+00,-9.9821e-20,-1.1486e-21
