MAG,N_OBS,N_CUM,BIN_RTE,CUM_RTE,MFD_FIT,MFD_FIT_AREA_NORM
2.95,17,75,3.9959e-01,1.6555e+00,1.6510e+00,2.6210e-01
3.0500000000000003,19,58,4.4660e-01,1.2559e+00,1.2559e+00,1.9938e-01
3.1500000000000004,10,39,2.3505e-01,8.0928e-01,9.5531e-01,1.5166e-01
3.2500000000000004,5,29,1.1753e-01,5.7422e-01,7.2668e-01,1.1536e-01
3.3500000000000005,7,24,1.6454e-01,4.5670e-01,5.5277e-01,8.7754e-02
3.4500000000000006,5,17,9.5159e-02,2.9216e-01,4.2047e-01,6.6752e-02
3.5500000000000007,0,12,0.0000e+00,1.9700e-01,3.1984e-01,5.0777e-02
3.650000000000001,2,12,3.8064e-02,1.9700e-01,2.4330e-01,3.8624e-02
3.750000000000001,0,10,0.0000e+00,1.5893e-01,1.8507e-01,2.9380e-02
3.850000000000001,3,10,5.7096e-02,1.5893e-01,1.4077e-01,2.2349e-02
3.950000000000001,1,7,1.9032e-02,1.0184e-01,1.0708e-01,1.7000e-02
4.050000000000001,0,6,0.0000e+00,8.2807e-02,8.1453e-02,1.2931e-02
4.150000000000001,1,6,1.5989e-02,8.2807e-02,6.1958e-02,9.8361e-03
4.250000000000002,1,5,1.5989e-02,6.6818e-02,4.7128e-02,7.4818e-03
4.350000000000001,1,4,1.5989e-02,5.0829e-02,3.5847e-02,5.6909e-03
4.450000000000001,0,3,0.0000e+00,3.4840e-02,2.7266e-02,4.3287e-03
4.550000000000002,0,3,0.0000e+00,3.4840e-02,2.0739e-02,3.2924e-03
4.650000000000002,0,3,0.0000e+00,3.4840e-02,1.5774e-02,2.5042e-03
4.750000000000002,0,3,0.0000e+00,3.4840e-02,1.1997e-02,1.9046e-03
4.850000000000001,0,3,0.0000e+00,3.4840e-02,9.1242e-03,1.4485e-03
4.950000000000002,1,3,1.3785e-02,3.4840e-02,6.9388e-03,1.1016e-03
5.0500000000000025,0,2,0.0000e+00,2.1055e-02,5.2764e-03,8.3765e-04
5.150000000000002,0,2,0.0000e+00,2.1055e-02,4.0118e-03,6.3690e-04
5.250000000000002,1,2,1.3785e-02,2.1055e-02,3.0499e-03,4.8419e-04
5.350000000000002,0,1,0.0000e+00,7.2704e-03,2.3182e-03,3.6803e-04
5.450000000000003,0,1,0.0000e+00,7.2704e-03,1.7616e-03,2.7967e-04
5.5500000000000025,0,1,0.0000e+00,7.2704e-03,1.3383e-03,2.1245e-04
5.650000000000002,0,1,0.0000e+00,7.2704e-03,1.0162e-03,1.6133e-04
5.750000000000003,0,1,0.0000e+00,7.2704e-03,7.7122e-04,1.2243e-04
5.850000000000003,1,1,7.2704e-03,7.2704e-03,5.8487e-04,9.2850e-05
5.950000000000003,0,0,0.0000e+00,0.0000e+00,4.4311e-04,7.0346e-05
6.0500000000000025,0,0,0.0000e+00,0.0000e+00,3.3528e-04,5.3228e-05
6.150000000000003,0,0,0.0000e+00,0.0000e+00,2.5326e-04,4.0206e-05
6.2500000000000036,0,0,0.0000e+00,0.0000e+00,1.9087e-04,3.0301e-05
6.350000000000003,0,0,0.0000e+00,0.0000e+00,1.4341e-04,2.2767e-05
6.450000000000003,0,0,0.0000e+00,0.0000e+00,1.0731e-04,1.7035e-05
6.550000000000003,0,0,0.0000e+00,0.0000e+00,7.9844e-05,1.2676e-05
6.650000000000004,0,0,0.0000e+00,0.0000e+00,5.8954e-05,9.3592e-06
6.7500000000000036,0,0,0.0000e+00,0.0000e+00,4.3064e-05,6.8365e-06
6.850000000000003,0,0,0.0000e+00,0.0000e+00,3.0976e-05,4.9176e-06
6.950000000000004,0,0,0.0000e+00,0.0000e+00,2.1782e-05,3.4579e-06
7.050000000000003,0,0,0.0000e+00,0.0000e+00,1.4787e-05,2.3476e-06
7.150000000000004,0,0,0.0000e+00,0.0000e+00,9.4672e-06,1.5030e-06
7.250000000000004,0,0,0.0000e+00,0.0000e+00,5.4202e-06,8.6048e-07
7.350000000000004,0,0,0.0000e+00,0.0000e+00,2.3417e-06,3.7176e-07
7.450000000000004,0,0,0.0000e+00,0.0000e+00,-1.8179e-20,-2.8861e-21
