MAG,N_OBS,N_CUM,BIN_RTE,CUM_RTE,MFD_FIT,MFD_FIT_AREA_NORM
2.85,333,1494,5.8893e+00,2.5836e+01,2.6250e+01,3.0629e-01
2.95,300,1161,5.3057e+00,1.9946e+01,1.9946e+01,2.3273e-01
3.0500000000000003,224,861,3.9616e+00,1.4641e+01,1.5156e+01,1.7684e-01
3.1500000000000004,157,637,2.7766e+00,1.0679e+01,1.1517e+01,1.3438e-01
3.2500000000000004,111,480,1.9631e+00,7.9024e+00,8.7510e+00,1.0211e-01
3.3500000000000005,75,369,1.3264e+00,5.9393e+00,6.6495e+00,7.7587e-02
3.4500000000000006,90,294,1.4390e+00,4.6129e+00,5.0526e+00,5.8955e-02
3.5500000000000007,35,204,5.5961e-01,3.1739e+00,3.8393e+00,4.4797e-02
3.650000000000001,52,169,8.3142e-01,2.6143e+00,2.9173e+00,3.4039e-02
3.750000000000001,20,117,3.1978e-01,1.7829e+00,2.2167e+00,2.5865e-02
3.850000000000001,33,97,5.2763e-01,1.4631e+00,1.6844e+00,1.9653e-02
3.950000000000001,13,64,2.0786e-01,9.3548e-01,1.2798e+00,1.4933e-02
4.050000000000001,7,51,1.0680e-01,7.2762e-01,9.7248e-01,1.1347e-02
4.150000000000001,11,44,1.6783e-01,6.2083e-01,7.3893e-01,8.6219e-03
4.250000000000002,5,33,7.6285e-02,4.5300e-01,5.6146e-01,6.5512e-03
4.350000000000001,8,28,1.2206e-01,3.7671e-01,4.2661e-01,4.9777e-03
4.450000000000001,1,20,1.5257e-02,2.5466e-01,3.2414e-01,3.7821e-03
4.550000000000002,5,19,6.4480e-02,2.3940e-01,2.4628e-01,2.8736e-03
4.650000000000002,2,14,2.5792e-02,1.7492e-01,1.8712e-01,2.1833e-03
4.750000000000002,2,12,2.5792e-02,1.4913e-01,1.4216e-01,1.6588e-03
4.850000000000001,1,10,1.2896e-02,1.2333e-01,1.0800e-01,1.2602e-03
4.950000000000002,2,9,2.5792e-02,1.1044e-01,8.2046e-02,9.5732e-04
5.0500000000000025,2,7,2.5792e-02,8.4646e-02,6.2323e-02,7.2719e-04
5.150000000000002,2,5,2.5792e-02,5.8854e-02,4.7336e-02,5.5232e-04
5.250000000000002,1,3,1.2896e-02,3.3062e-02,3.5948e-02,4.1945e-04
5.350000000000002,1,2,1.2896e-02,2.0166e-02,2.7295e-02,3.1848e-04
5.450000000000003,0,1,0.0000e+00,7.2704e-03,2.0720e-02,2.4176e-04
5.5500000000000025,0,1,0.0000e+00,7.2704e-03,1.5723e-02,1.8346e-04
5.650000000000002,0,1,0.0000e+00,7.2704e-03,1.1927e-02,1.3917e-04
5.750000000000003,0,1,0.0000e+00,7.2704e-03,9.0423e-03,1.0551e-04
5.850000000000003,1,1,7.2704e-03,7.2704e-03,6.8503e-03,7.9930e-05
5.950000000000003,0,0,0.0000e+00,0.0000e+00,5.1847e-03,6.0495e-05
6.0500000000000025,0,0,0.0000e+00,0.0000e+00,3.9190e-03,4.5728e-05
6.150000000000003,0,0,0.0000e+00,0.0000e+00,2.9573e-03,3.4507e-05
6.2500000000000036,0,0,0.0000e+00,0.0000e+00,2.2266e-03,2.5980e-05
6.350000000000003,0,0,0.0000e+00,0.0000e+00,1.6713e-03,1.9501e-05
6.450000000000003,0,0,0.0000e+00,0.0000e+00,1.2494e-03,1.4578e-05
6.550000000000003,0,0,0.0000e+00,0.0000e+00,9.2879e-04,1.0837e-05
6.650000000000004,0,0,0.0000e+00,0.0000e+00,6.8517e-04,7.9947e-06
6.7500000000000036,0,0,0.0000e+00,0.0000e+00,5.0006e-04,5.8348e-06
6.850000000000003,0,0,0.0000e+00,0.0000e+00,3.5940e-04,4.1936e-06
6.950000000000003,0,0,0.0000e+00,0.0000e+00,2.5252e-04,2.9465e-06
7.050000000000004,0,0,0.0000e+00,0.0000e+00,1.7131e-04,1.9988e-06
7.150000000000004,0,0,0.0000e+00,0.0000e+00,1.0960e-04,1.2788e-06
7.2500000000000036,0,0,0.0000e+00,0.0000e+00,6.2706e-05,7.3166e-07
7.350000000000003,0,0,0.0000e+00,0.0000e+00,2.7075e-05,3.1591e-07
7.450000000000005,0,0,0.0000e+00,0.0000e+00,0.0000e+00,0.0000e+00
