MAG,N_OBS,N_CUM,BIN_RTE,CUM_RTE,MFD_FIT,MFD_FIT_AREA_NORM
2.95,20,87,3.8656e-01,1.6547e+00,1.6056e+00,3.6851e-02
3.0500000000000003,12,67,2.3193e-01,1.2682e+00,1.2898e+00,2.9604e-02
3.1500000000000004,15,55,2.8992e-01,1.0362e+00,1.0362e+00,2.3782e-02
3.2500000000000004,9,40,1.7395e-01,7.4632e-01,8.3237e-01,1.9104e-02
3.3500000000000005,9,31,1.7395e-01,5.7237e-01,6.6866e-01,1.5347e-02
3.4500000000000006,4,22,7.7312e-02,3.9842e-01,5.3714e-01,1.2328e-02
3.5500000000000007,6,18,1.1597e-01,3.2111e-01,4.3149e-01,9.9036e-03
3.650000000000001,2,12,3.8656e-02,2.0514e-01,3.4662e-01,7.9555e-03
3.750000000000001,3,10,5.7984e-02,1.6648e-01,2.7844e-01,6.3906e-03
3.850000000000001,1,7,1.9328e-02,1.0850e-01,2.2366e-01,5.1335e-03
3.950000000000001,1,6,1.9328e-02,8.9172e-02,1.7966e-01,4.1236e-03
4.050000000000001,0,5,0.0000e+00,6.9845e-02,1.4431e-01,3.3122e-03
4.150000000000001,2,5,3.2395e-02,6.9845e-02,1.1592e-01,2.6605e-03
4.250000000000002,1,3,1.6197e-02,3.7450e-02,9.3104e-02,2.1369e-03
4.350000000000001,0,2,0.0000e+00,2.1253e-02,7.4777e-02,1.7163e-03
4.450000000000001,0,2,0.0000e+00,2.1253e-02,6.0055e-02,1.3784e-03
4.550000000000002,0,2,0.0000e+00,2.1253e-02,4.8228e-02,1.1069e-03
4.650000000000002,0,2,0.0000e+00,2.1253e-02,3.8727e-02,8.8885e-04
4.750000000000002,0,2,0.0000e+00,2.1253e-02,3.1094e-02,7.1367e-04
4.850000000000001,0,2,0.0000e+00,2.1253e-02,2.4963e-02,5.7294e-04
4.950000000000002,0,2,0.0000e+00,2.1253e-02,2.0037e-02,4.5989e-04
5.0500000000000025,0,2,0.0000e+00,2.1253e-02,1.6080e-02,3.6907e-04
5.150000000000002,0,2,0.0000e+00,2.1253e-02,1.2901e-02,2.9610e-04
5.250000000000002,0,2,0.0000e+00,2.1253e-02,1.0347e-02,2.3749e-04
5.350000000000002,0,2,0.0000e+00,2.1253e-02,8.2959e-03,1.9041e-04
5.450000000000003,1,2,1.3939e-02,2.1253e-02,6.6479e-03,1.5258e-04
5.5500000000000025,0,1,0.0000e+00,7.3132e-03,5.3239e-03,1.2219e-04
5.650000000000002,0,1,0.0000e+00,7.3132e-03,4.2603e-03,9.7782e-05
5.750000000000003,0,1,0.0000e+00,7.3132e-03,3.4059e-03,7.8172e-05
5.850000000000003,0,1,0.0000e+00,7.3132e-03,2.7195e-03,6.2418e-05
5.950000000000003,0,1,0.0000e+00,7.3132e-03,2.1681e-03,4.9762e-05
6.0500000000000025,0,1,0.0000e+00,7.3132e-03,1.7251e-03,3.9595e-05
6.150000000000003,0,1,0.0000e+00,7.3132e-03,1.3693e-03,3.1428e-05
6.2500000000000036,0,1,0.0000e+00,7.3132e-03,1.0834e-03,2.4866e-05
6.350000000000003,0,1,0.0000e+00,7.3132e-03,8.5376e-04,1.9595e-05
6.450000000000003,1,1,7.3132e-03,7.3132e-03,6.6927e-04,1.5361e-05
6.550000000000003,0,0,0.0000e+00,0.0000e+00,5.2106e-04,1.1959e-05
6.650000000000004,0,0,0.0000e+00,0.0000e+00,4.0200e-04,9.2266e-06
6.7500000000000036,0,0,0.0000e+00,0.0000e+00,3.0635e-04,7.0313e-06
6.850000000000003,0,0,0.0000e+00,0.0000e+00,2.2951e-04,5.2677e-06
6.950000000000004,0,0,0.0000e+00,0.0000e+00,1.6779e-04,3.8510e-06
7.050000000000003,0,0,0.0000e+00,0.0000e+00,1.1820e-04,2.7129e-06
7.150000000000004,0,0,0.0000e+00,0.0000e+00,7.8363e-05,1.7986e-06
7.250000000000004,0,0,0.0000e+00,0.0000e+00,4.6361e-05,1.0641e-06
7.350000000000004,0,0,0.0000e+00,0.0000e+00,2.0653e-05,4.7401e-07
7.450000000000004,0,0,0.0000e+00,0.0000e+00,-1.6859e-19,-3.8695e-21
