MAG,N_OBS,N_CUM,BIN_RTE,CUM_RTE,MFD_FIT,MFD_FIT_AREA_NORM
2.95,138,446,2.6082e+00,8.3437e+00,8.3437e+00,1.6513e+00
3.0500000000000003,82,308,1.5498e+00,5.7356e+00,6.0962e+00,1.2065e+00
3.1500000000000004,49,226,9.2610e-01,4.1858e+00,4.4541e+00,8.8152e-01
3.2500000000000004,69,177,1.3041e+00,3.2597e+00,3.2543e+00,6.4407e-01
3.3500000000000005,24,108,4.5360e-01,1.9556e+00,2.3777e+00,4.7058e-01
3.4500000000000006,23,84,4.3470e-01,1.5020e+00,1.7372e+00,3.4382e-01
3.5500000000000007,9,61,1.7010e-01,1.0673e+00,1.2693e+00,2.5121e-01
3.650000000000001,13,52,2.4570e-01,8.9716e-01,9.2738e-01,1.8354e-01
3.750000000000001,8,39,1.5120e-01,6.5146e-01,6.7757e-01,1.3410e-01
3.850000000000001,6,31,1.1340e-01,5.0026e-01,4.9506e-01,9.7978e-02
3.950000000000001,3,25,5.6700e-02,3.8686e-01,3.6170e-01,7.1585e-02
4.050000000000001,6,22,9.5374e-02,3.3016e-01,2.6427e-01,5.2302e-02
4.150000000000001,5,16,7.9478e-02,2.3479e-01,1.9308e-01,3.8214e-02
4.250000000000002,1,11,1.5896e-02,1.5531e-01,1.4107e-01,2.7920e-02
4.350000000000001,3,10,4.7687e-02,1.3941e-01,1.0307e-01,2.0399e-02
4.450000000000001,1,7,1.5896e-02,9.1724e-02,7.5305e-02,1.4904e-02
4.550000000000002,3,6,4.1147e-02,7.5829e-02,5.5019e-02,1.0889e-02
4.650000000000002,0,3,0.0000e+00,3.4682e-02,4.0197e-02,7.9555e-03
4.750000000000002,1,3,1.3716e-02,3.4682e-02,2.9368e-02,5.8122e-03
4.850000000000001,0,2,0.0000e+00,2.0967e-02,2.1455e-02,4.2463e-03
4.950000000000002,1,2,1.3716e-02,2.0967e-02,1.5674e-02,3.1021e-03
5.0500000000000025,0,1,0.0000e+00,7.2511e-03,1.1451e-02,2.2662e-03
5.150000000000002,0,1,0.0000e+00,7.2511e-03,8.3646e-03,1.6554e-03
5.250000000000002,0,1,0.0000e+00,7.2511e-03,6.1098e-03,1.2092e-03
5.350000000000002,0,1,0.0000e+00,7.2511e-03,4.4624e-03,8.8315e-04
5.450000000000003,0,1,0.0000e+00,7.2511e-03,3.2587e-03,6.4493e-04
5.5500000000000025,0,1,0.0000e+00,7.2511e-03,2.3793e-03,4.7088e-04
5.650000000000002,0,1,0.0000e+00,7.2511e-03,1.7367e-03,3.4372e-04
5.750000000000003,1,1,7.2511e-03,7.2511e-03,1.2673e-03,2.5080e-04
5.850000000000003,0,0,0.0000e+00,0.0000e+00,9.2425e-04,1.8292e-04
5.950000000000003,0,0,0.0000e+00,0.0000e+00,6.7363e-04,1.3332e-04
6.0500000000000025,0,0,0.0000e+00,0.0000e+00,4.9053e-04,9.7081e-05
6.150000000000003,0,0,0.0000e+00,0.0000e+00,3.5674e-04,7.0603e-05
6.2500000000000036,0,0,0.0000e+00,0.0000e+00,2.5900e-04,5.1258e-05
6.350000000000003,0,0,0.0000e+00,0.0000e+00,1.8758e-04,3.7124e-05
6.450000000000003,0,0,0.0000e+00,0.0000e+00,1.3540e-04,2.6797e-05
6.550000000000003,0,0,0.0000e+00,0.0000e+00,9.7274e-05,1.9252e-05
6.650000000000004,0,0,0.0000e+00,0.0000e+00,6.9419e-05,1.3739e-05
6.7500000000000036,0,0,0.0000e+00,0.0000e+00,4.9067e-05,9.7109e-06
6.850000000000003,0,0,0.0000e+00,0.0000e+00,3.4197e-05,6.7681e-06
6.950000000000004,0,0,0.0000e+00,0.0000e+00,2.3333e-05,4.6179e-06
7.050000000000003,0,0,0.0000e+00,0.0000e+00,1.5395e-05,3.0469e-06
7.150000000000004,0,0,0.0000e+00,0.0000e+00,9.5955e-06,1.8991e-06
7.250000000000004,0,0,0.0000e+00,0.0000e+00,5.3581e-06,1.0604e-06
7.350000000000004,0,0,0.0000e+00,0.0000e+00,2.2621e-06,4.4769e-07
7.450000000000004,0,0,0.0000e+00,0.0000e+00,-1.7711e-20,-3.5052e-21
