MAG,N_OBS,N_CUM,BIN_RTE,CUM_RTE,MFD_FIT,MFD_FIT_AREA_NORM
2.85,34,130,6.0131e-01,2.2446e+00,2.1884e+00,1.3767e-01
2.95,24,96,4.2445e-01,1.6433e+00,1.6433e+00,1.0338e-01
3.0500000000000003,25,72,4.4214e-01,1.2189e+00,1.2340e+00,7.7630e-02
3.1500000000000004,13,47,2.2991e-01,7.7673e-01,9.2666e-01,5.8295e-02
3.2500000000000004,6,34,1.0611e-01,5.4681e-01,6.9586e-01,4.3775e-02
3.3500000000000005,5,28,8.8428e-02,4.4070e-01,5.2254e-01,3.2872e-02
3.4500000000000006,6,23,9.5933e-02,3.5227e-01,3.9239e-01,2.4685e-02
3.5500000000000007,3,17,4.7967e-02,2.5634e-01,2.9466e-01,1.8536e-02
3.650000000000001,2,14,3.1978e-02,2.0837e-01,2.2127e-01,1.3920e-02
3.750000000000001,2,12,3.1978e-02,1.7640e-01,1.6616e-01,1.0453e-02
3.850000000000001,2,10,3.1978e-02,1.4442e-01,1.2477e-01,7.8491e-03
3.950000000000001,1,8,1.5989e-02,1.1244e-01,9.3693e-02,5.8941e-03
4.050000000000001,1,7,1.5257e-02,9.6452e-02,7.0356e-02,4.4260e-03
4.150000000000001,1,6,1.5257e-02,8.1195e-02,5.2831e-02,3.3235e-03
4.250000000000002,2,5,3.0514e-02,6.5938e-02,3.9672e-02,2.4957e-03
4.350000000000001,1,3,1.5257e-02,3.5423e-02,2.9790e-02,1.8740e-03
4.450000000000001,0,2,0.0000e+00,2.0166e-02,2.2369e-02,1.4072e-03
4.550000000000002,0,2,0.0000e+00,2.0166e-02,1.6797e-02,1.0566e-03
4.650000000000002,0,2,0.0000e+00,2.0166e-02,1.2612e-02,7.9340e-04
4.750000000000002,1,2,1.2896e-02,2.0166e-02,9.4697e-03,5.9573e-04
4.850000000000001,0,1,0.0000e+00,7.2704e-03,7.1101e-03,4.4729e-04
4.950000000000002,0,1,0.0000e+00,7.2704e-03,5.3382e-03,3.3582e-04
5.0500000000000025,0,1,0.0000e+00,7.2704e-03,4.0076e-03,2.5211e-04
5.150000000000002,0,1,0.0000e+00,7.2704e-03,3.0084e-03,1.8925e-04
5.250000000000002,0,1,0.0000e+00,7.2704e-03,2.2580e-03,1.4205e-04
5.350000000000002,0,1,0.0000e+00,7.2704e-03,1.6946e-03,1.0661e-04
5.450000000000003,0,1,0.0000e+00,7.2704e-03,1.2715e-03,7.9988e-05
5.5500000000000025,0,1,0.0000e+00,7.2704e-03,9.5378e-04,6.0001e-05
5.650000000000002,0,1,0.0000e+00,7.2704e-03,7.1519e-04,4.4991e-05
5.750000000000003,0,1,0.0000e+00,7.2704e-03,5.3602e-04,3.3721e-05
5.850000000000003,0,1,0.0000e+00,7.2704e-03,4.0148e-04,2.5257e-05
5.950000000000003,0,1,0.0000e+00,7.2704e-03,3.0045e-04,1.8901e-05
6.0500000000000025,0,1,0.0000e+00,7.2704e-03,2.2459e-04,1.4129e-05
6.150000000000003,0,1,0.0000e+00,7.2704e-03,1.6762e-04,1.0545e-05
6.2500000000000036,0,1,0.0000e+00,7.2704e-03,1.2484e-04,7.8533e-06
6.350000000000003,1,1,7.2704e-03,7.2704e-03,9.2711e-05,5.8323e-06
6.450000000000003,0,0,0.0000e+00,0.0000e+00,6.8586e-05,4.3147e-06
6.550000000000003,0,0,0.0000e+00,0.0000e+00,5.0471e-05,3.1750e-06
6.650000000000004,0,0,0.0000e+00,0.0000e+00,3.6867e-05,2.3193e-06
6.7500000000000036,0,0,0.0000e+00,0.0000e+00,2.6652e-05,1.6766e-06
6.850000000000003,0,0,0.0000e+00,0.0000e+00,1.8981e-05,1.1941e-06
6.950000000000003,0,0,0.0000e+00,0.0000e+00,1.3220e-05,8.3168e-07
7.050000000000004,0,0,0.0000e+00,0.0000e+00,8.8947e-06,5.5955e-07
7.150000000000004,0,0,0.0000e+00,0.0000e+00,5.6464e-06,3.5521e-07
7.2500000000000036,0,0,0.0000e+00,0.0000e+00,3.2072e-06,2.0176e-07
7.350000000000003,0,0,0.0000e+00,0.0000e+00,1.3755e-06,8.6530e-08
7.450000000000005,0,0,0.0000e+00,0.0000e+00,0.0000e+00,0.0000e+00
