MAG,N_OBS,N_CUM,BIN_RTE,CUM_RTE,MFD_FIT,MFD_FIT_AREA_NORM
5.55,6,79,3.3455e-01,1.9303e+00,1.9209e+00,2.7372e-01
5.6499999999999995,8,73,4.4607e-01,1.5958e+00,1.6250e+00,2.3156e-01
5.749999999999999,7,65,1.4603e-01,1.1497e+00,1.3745e+00,1.9586e-01
5.849999999999999,6,58,1.2517e-01,1.0036e+00,1.1624e+00,1.6564e-01
5.949999999999998,4,52,8.3447e-02,8.7848e-01,9.8280e-01,1.4004e-01
6.049999999999998,2,48,4.1724e-02,7.9503e-01,8.3073e-01,1.1837e-01
6.149999999999998,4,46,8.3447e-02,7.5330e-01,7.0196e-01,1.0003e-01
6.249999999999997,7,42,1.1878e-01,6.6986e-01,5.9293e-01,8.4489e-02
6.349999999999997,7,35,1.1878e-01,5.5108e-01,5.0061e-01,7.1334e-02
6.449999999999997,4,28,6.7872e-02,4.3230e-01,4.2244e-01,6.0195e-02
6.549999999999996,6,24,1.0181e-01,3.6443e-01,3.5625e-01,5.0764e-02
6.649999999999996,1,18,1.6968e-02,2.6262e-01,3.0020e-01,4.2777e-02
6.749999999999996,1,17,1.6968e-02,2.4566e-01,2.5275e-01,3.6015e-02
6.849999999999995,3,16,5.0904e-02,2.2869e-01,2.1257e-01,3.0290e-02
6.949999999999995,2,13,3.3936e-02,1.7778e-01,1.7855e-01,2.5442e-02
7.0499999999999945,0,11,0.0000e+00,1.4385e-01,1.4974e-01,2.1337e-02
7.149999999999994,1,11,1.6968e-02,1.4385e-01,1.2535e-01,1.7861e-02
7.249999999999994,2,10,3.3936e-02,1.2688e-01,1.0469e-01,1.4918e-02
7.349999999999993,0,8,0.0000e+00,9.2944e-02,8.7204e-02,1.2426e-02
7.449999999999993,3,8,5.0904e-02,9.2944e-02,7.2396e-02,1.0316e-02
7.549999999999993,0,5,0.0000e+00,4.2040e-02,5.9858e-02,8.5295e-03
7.649999999999992,0,5,0.0000e+00,4.2040e-02,4.9242e-02,7.0167e-03
7.749999999999992,3,5,2.5224e-02,4.2040e-02,4.0253e-02,5.7358e-03
7.849999999999992,0,2,0.0000e+00,1.6816e-02,3.2641e-02,4.6512e-03
7.949999999999991,1,2,8.4080e-03,1.6816e-02,2.6196e-02,3.7329e-03
8.04999999999999,1,1,8.4080e-03,8.4080e-03,2.0740e-02,2.9553e-03
8.149999999999991,0,0,0.0000e+00,0.0000e+00,1.6119e-02,2.2969e-03
8.24999999999999,0,0,0.0000e+00,0.0000e+00,1.2207e-02,1.7394e-03
8.34999999999999,0,0,0.0000e+00,0.0000e+00,8.8939e-03,1.2673e-03
8.449999999999989,0,0,0.0000e+00,0.0000e+00,6.0889e-03,8.6764e-04
8.54999999999999,0,0,0.0000e+00,0.0000e+00,3.7138e-03,5.2920e-04
8.649999999999988,0,0,0.0000e+00,0.0000e+00,1.7028e-03,2.4264e-04
8.74999999999999,0,0,0.0000e+00,0.0000e+00,1.7028e-03,2.4264e-04
