MAG,N_OBS,N_CUM,BIN_RTE,CUM_RTE,MFD_FIT,MFD_FIT_AREA_NORM
3.0500000000000003,17,96,4.4843e-01,2.4434e+00,2.5207e+00,9.5504e-02
3.1500000000000004,7,79,1.8465e-01,1.9949e+00,1.9949e+00,7.5582e-02
3.2500000000000004,20,72,5.2756e-01,1.8103e+00,1.5788e+00,5.9816e-02
3.3500000000000005,11,52,2.9016e-01,1.2827e+00,1.2494e+00,4.7338e-02
3.4500000000000006,10,41,2.6378e-01,9.9258e-01,9.8880e-01,3.7463e-02
3.5500000000000007,5,31,1.3189e-01,7.2880e-01,7.8253e-01,2.9648e-02
3.650000000000001,7,26,1.8465e-01,5.9691e-01,6.1929e-01,2.3463e-02
3.750000000000001,2,19,5.2756e-02,4.1226e-01,4.9010e-01,1.8569e-02
3.850000000000001,3,17,7.9135e-02,3.5950e-01,3.8786e-01,1.4695e-02
3.950000000000001,4,14,1.0551e-01,2.8037e-01,3.0694e-01,1.1629e-02
4.050000000000001,3,10,5.6700e-02,1.7485e-01,2.4290e-01,9.2031e-03
4.150000000000001,1,7,1.8900e-02,1.1815e-01,1.9223e-01,7.2830e-03
4.250000000000002,2,6,3.7800e-02,9.9254e-02,1.5212e-01,5.7634e-03
4.350000000000001,1,4,1.8900e-02,6.1454e-02,1.2038e-01,4.5607e-03
4.450000000000001,0,3,0.0000e+00,4.2554e-02,9.5255e-02,3.6090e-03
4.550000000000002,0,3,0.0000e+00,4.2554e-02,7.5374e-02,2.8558e-03
4.650000000000002,0,3,0.0000e+00,4.2554e-02,5.9641e-02,2.2596e-03
4.750000000000002,0,3,0.0000e+00,4.2554e-02,4.7189e-02,1.7879e-03
4.850000000000001,0,3,0.0000e+00,4.2554e-02,3.7335e-02,1.4145e-03
4.950000000000002,0,3,0.0000e+00,4.2554e-02,2.9536e-02,1.1190e-03
5.0500000000000025,1,3,1.5896e-02,4.2554e-02,2.3364e-02,8.8519e-04
5.150000000000002,0,2,0.0000e+00,2.6659e-02,1.8479e-02,7.0012e-04
5.250000000000002,1,2,1.5896e-02,2.6659e-02,1.4613e-02,5.5366e-04
5.350000000000002,0,1,0.0000e+00,1.0763e-02,1.1554e-02,4.3775e-04
5.450000000000003,0,1,0.0000e+00,1.0763e-02,9.1327e-03,3.4601e-04
5.5500000000000025,0,1,0.0000e+00,1.0763e-02,7.2165e-03,2.7342e-04
5.650000000000002,0,1,0.0000e+00,1.0763e-02,5.7000e-03,2.1596e-04
5.750000000000003,0,1,0.0000e+00,1.0763e-02,4.4999e-03,1.7049e-04
5.850000000000003,1,1,1.0763e-02,1.0763e-02,3.5501e-03,1.3451e-04
5.950000000000003,0,0,0.0000e+00,0.0000e+00,2.7984e-03,1.0603e-04
6.0500000000000025,0,0,0.0000e+00,0.0000e+00,2.2036e-03,8.3487e-05
6.150000000000003,0,0,0.0000e+00,0.0000e+00,1.7328e-03,6.5650e-05
6.2500000000000036,0,0,0.0000e+00,0.0000e+00,1.3602e-03,5.1534e-05
6.350000000000003,0,0,0.0000e+00,0.0000e+00,1.0653e-03,4.0362e-05
6.450000000000003,0,0,0.0000e+00,0.0000e+00,8.3194e-04,3.1520e-05
6.550000000000003,0,0,0.0000e+00,0.0000e+00,6.4725e-04,2.4523e-05
6.650000000000004,0,0,0.0000e+00,0.0000e+00,5.0109e-04,1.8985e-05
6.7500000000000036,0,0,0.0000e+00,0.0000e+00,3.8542e-04,1.4603e-05
6.850000000000003,0,0,0.0000e+00,0.0000e+00,2.9387e-04,1.1134e-05
6.950000000000004,0,0,0.0000e+00,0.0000e+00,2.2142e-04,8.3893e-06
7.050000000000004,0,0,0.0000e+00,0.0000e+00,1.6409e-04,6.2169e-06
7.150000000000004,0,0,0.0000e+00,0.0000e+00,1.1871e-04,4.4977e-06
7.2500000000000036,0,0,0.0000e+00,0.0000e+00,8.2800e-05,3.1371e-06
7.350000000000005,0,0,0.0000e+00,0.0000e+00,5.4380e-05,2.0603e-06
7.450000000000005,0,0,0.0000e+00,0.0000e+00,3.1888e-05,1.2082e-06
7.550000000000004,0,0,0.0000e+00,0.0000e+00,1.4087e-05,5.3374e-07
7.650000000000004,0,0,0.0000e+00,0.0000e+00,-1.0681e-19,-4.0468e-21
