MAG,N_OBS,N_CUM,BIN_RTE,CUM_RTE,MFD_FIT,MFD_FIT_AREA_NORM
3.0500000000000003,29,146,7.7244e-01,3.6188e+00,3.6794e+00,5.8770e-02
3.1500000000000004,24,117,6.3926e-01,2.8463e+00,2.8463e+00,4.5462e-02
3.2500000000000004,20,93,5.3272e-01,2.2071e+00,2.2018e+00,3.5168e-02
3.3500000000000005,19,73,5.0608e-01,1.6744e+00,1.7032e+00,2.7205e-02
3.4500000000000006,11,54,2.9299e-01,1.1683e+00,1.3175e+00,2.1044e-02
3.5500000000000007,12,43,2.5240e-01,8.7529e-01,1.0192e+00,1.6279e-02
3.650000000000001,5,31,1.0517e-01,6.2288e-01,7.8840e-01,1.2593e-02
3.750000000000001,3,26,6.3100e-02,5.1772e-01,6.0986e-01,9.7411e-03
3.850000000000001,8,23,1.6827e-01,4.5462e-01,4.7175e-01,7.5352e-03
3.950000000000001,3,15,6.3100e-02,2.8635e-01,3.6492e-01,5.8287e-03
4.050000000000001,2,12,4.2067e-02,2.2325e-01,2.8227e-01,4.5086e-03
4.150000000000001,4,10,8.4134e-02,1.8118e-01,2.1834e-01,3.4875e-03
4.250000000000002,2,6,4.2067e-02,9.7049e-02,1.6888e-01,2.6975e-03
4.350000000000001,0,4,0.0000e+00,5.4982e-02,1.3063e-01,2.0865e-03
4.450000000000001,0,4,0.0000e+00,5.4982e-02,1.0103e-01,1.6137e-03
4.550000000000002,1,4,1.5989e-02,5.4982e-02,7.8138e-02,1.2481e-03
4.650000000000002,1,3,1.5989e-02,3.8993e-02,6.0428e-02,9.6519e-04
4.750000000000002,0,2,0.0000e+00,2.3004e-02,4.6728e-02,7.4637e-04
4.850000000000001,0,2,0.0000e+00,2.3004e-02,3.6130e-02,5.7709e-04
4.950000000000002,1,2,1.5989e-02,2.3004e-02,2.7932e-02,4.4615e-04
5.0500000000000025,0,1,0.0000e+00,7.0154e-03,2.1590e-02,3.4485e-04
5.150000000000002,0,1,0.0000e+00,7.0154e-03,1.6684e-02,2.6649e-04
5.250000000000002,0,1,0.0000e+00,7.0154e-03,1.2889e-02,2.0587e-04
5.350000000000002,0,1,0.0000e+00,7.0154e-03,9.9533e-03,1.5898e-04
5.450000000000003,0,1,0.0000e+00,7.0154e-03,7.6823e-03,1.2271e-04
5.5500000000000025,0,1,0.0000e+00,7.0154e-03,5.9255e-03,9.4646e-05
5.650000000000002,0,1,0.0000e+00,7.0154e-03,4.5665e-03,7.2939e-05
5.750000000000003,0,1,0.0000e+00,7.0154e-03,3.5152e-03,5.6148e-05
5.850000000000003,0,1,0.0000e+00,7.0154e-03,2.7020e-03,4.3158e-05
5.950000000000003,0,1,0.0000e+00,7.0154e-03,2.0729e-03,3.3110e-05
6.0500000000000025,0,1,0.0000e+00,7.0154e-03,1.5862e-03,2.5337e-05
6.150000000000003,0,1,0.0000e+00,7.0154e-03,1.2098e-03,1.9324e-05
6.2500000000000036,0,1,0.0000e+00,7.0154e-03,9.1857e-04,1.4672e-05
6.350000000000003,0,1,0.0000e+00,7.0154e-03,6.9329e-04,1.1074e-05
6.450000000000003,0,1,0.0000e+00,7.0154e-03,5.1902e-04,8.2902e-06
6.550000000000003,0,1,0.0000e+00,7.0154e-03,3.8421e-04,6.1369e-06
6.650000000000004,0,1,0.0000e+00,7.0154e-03,2.7993e-04,4.4712e-06
6.7500000000000036,1,1,7.0154e-03,7.0154e-03,1.9926e-04,3.1827e-06
6.850000000000003,0,0,0.0000e+00,0.0000e+00,1.3685e-04,2.1859e-06
6.950000000000004,0,0,0.0000e+00,0.0000e+00,8.8579e-05,1.4148e-06
7.050000000000004,0,0,0.0000e+00,0.0000e+00,5.1235e-05,8.1836e-07
7.150000000000004,0,0,0.0000e+00,0.0000e+00,2.2347e-05,3.5694e-07
7.2500000000000036,0,0,0.0000e+00,0.0000e+00,-1.6952e-19,-2.7077e-21
