MAG,N_OBS,N_CUM,BIN_RTE,CUM_RTE,MFD_FIT,MFD_FIT_AREA_NORM
3.1500000000000004,29,158,6.7583e-01,3.1856e+00,3.1855e+00,3.6040e-01
3.2500000000000004,28,129,6.5253e-01,2.5098e+00,2.5002e+00,2.8287e-01
3.3500000000000005,19,101,4.4279e-01,1.8573e+00,1.9623e+00,2.2201e-01
3.4500000000000006,19,82,4.4279e-01,1.4145e+00,1.5401e+00,1.7425e-01
3.5500000000000007,15,63,2.3844e-01,9.7169e-01,1.2088e+00,1.3676e-01
3.650000000000001,17,48,2.7023e-01,7.3325e-01,9.4869e-01,1.0733e-01
3.750000000000001,3,31,4.7687e-02,4.6303e-01,7.4457e-01,8.4240e-02
3.850000000000001,2,28,3.1791e-02,4.1534e-01,5.8436e-01,6.6114e-02
3.950000000000001,4,26,6.3583e-02,3.8355e-01,4.5861e-01,5.1887e-02
4.050000000000001,4,22,6.3583e-02,3.1997e-01,3.5992e-01,4.0721e-02
4.150000000000001,5,18,7.9478e-02,2.5638e-01,2.8246e-01,3.1957e-02
4.250000000000002,2,13,3.1791e-02,1.7690e-01,2.2166e-01,2.5079e-02
4.350000000000001,3,11,4.7687e-02,1.4511e-01,1.7394e-01,1.9680e-02
4.450000000000001,0,8,0.0000e+00,9.7427e-02,1.3649e-01,1.5442e-02
4.550000000000002,2,8,2.7431e-02,9.7427e-02,1.0709e-01,1.2117e-02
4.650000000000002,1,6,1.3716e-02,6.9995e-02,8.4022e-02,9.5062e-03
4.750000000000002,0,5,0.0000e+00,5.6280e-02,6.5914e-02,7.4574e-03
4.850000000000001,0,5,0.0000e+00,5.6280e-02,5.1701e-02,5.8494e-03
4.950000000000002,2,5,2.7431e-02,5.6280e-02,4.0545e-02,4.5872e-03
5.0500000000000025,0,3,0.0000e+00,2.8849e-02,3.1789e-02,3.5966e-03
5.150000000000002,1,3,1.3716e-02,2.8849e-02,2.4917e-02,2.8191e-03
5.250000000000002,0,2,0.0000e+00,1.5133e-02,1.9524e-02,2.2089e-03
5.350000000000002,0,2,0.0000e+00,1.5133e-02,1.5290e-02,1.7299e-03
5.450000000000003,0,2,0.0000e+00,1.5133e-02,1.1968e-02,1.3540e-03
5.5500000000000025,0,2,0.0000e+00,1.5133e-02,9.3598e-03,1.0590e-03
5.650000000000002,0,2,0.0000e+00,1.5133e-02,7.3129e-03,8.2738e-04
5.750000000000003,0,2,0.0000e+00,1.5133e-02,5.7064e-03,6.4562e-04
5.850000000000003,0,2,0.0000e+00,1.5133e-02,4.4455e-03,5.0296e-04
5.950000000000003,0,2,0.0000e+00,1.5133e-02,3.4558e-03,3.9099e-04
6.0500000000000025,1,2,8.1360e-03,1.5133e-02,2.6791e-03,3.0311e-04
6.150000000000003,0,1,0.0000e+00,6.9974e-03,2.0694e-03,2.3413e-04
6.2500000000000036,0,1,0.0000e+00,6.9974e-03,1.5909e-03,1.8000e-04
6.350000000000003,0,1,0.0000e+00,6.9974e-03,1.2154e-03,1.3750e-04
6.450000000000003,0,1,0.0000e+00,6.9974e-03,9.2058e-04,1.0415e-04
6.550000000000003,1,1,6.9974e-03,6.9974e-03,6.8922e-04,7.7978e-05
6.650000000000004,0,0,0.0000e+00,0.0000e+00,5.0763e-04,5.7433e-05
6.7500000000000036,0,0,0.0000e+00,0.0000e+00,3.6511e-04,4.1308e-05
6.850000000000003,0,0,0.0000e+00,0.0000e+00,2.5325e-04,2.8652e-05
6.950000000000004,0,0,0.0000e+00,0.0000e+00,1.6545e-04,1.8719e-05
7.050000000000004,0,0,0.0000e+00,0.0000e+00,9.6537e-05,1.0922e-05
7.150000000000004,0,0,0.0000e+00,0.0000e+00,4.2451e-05,4.8029e-06
7.2500000000000036,0,0,0.0000e+00,0.0000e+00,-3.4390e-19,-3.8909e-20
