MAG,N_OBS,N_CUM,BIN_RTE,CUM_RTE,MFD_FIT,MFD_FIT_AREA_NORM
3.0500000000000003,23,113,6.1262e-01,2.8882e+00,2.8832e+00,1.0836e-01
3.1500000000000004,12,90,3.1963e-01,2.2756e+00,2.2755e+00,8.5518e-02
3.2500000000000004,14,78,3.7290e-01,1.9559e+00,1.7959e+00,6.7492e-02
3.3500000000000005,15,64,3.9954e-01,1.5830e+00,1.4173e+00,5.3266e-02
3.4500000000000006,8,49,2.1309e-01,1.1835e+00,1.1186e+00,4.2039e-02
3.5500000000000007,6,41,1.5982e-01,9.7040e-01,8.8280e-01,3.3177e-02
3.650000000000001,7,35,1.8645e-01,8.1058e-01,6.9671e-01,2.6184e-02
3.750000000000001,5,28,1.3318e-01,6.2413e-01,5.4985e-01,2.0665e-02
3.850000000000001,6,23,1.5982e-01,4.9095e-01,4.3394e-01,1.6309e-02
3.950000000000001,3,17,7.9908e-02,3.3114e-01,3.4247e-01,1.2871e-02
4.050000000000001,4,14,7.6128e-02,2.5123e-01,2.7027e-01,1.0157e-02
4.150000000000001,2,10,3.8064e-02,1.7510e-01,2.1329e-01,8.0160e-03
4.250000000000002,0,8,0.0000e+00,1.3704e-01,1.6832e-01,6.3260e-03
4.350000000000001,2,8,3.8064e-02,1.3704e-01,1.3283e-01,4.9922e-03
4.450000000000001,1,6,1.9032e-02,9.8976e-02,1.0482e-01,3.9395e-03
4.550000000000002,1,5,1.5989e-02,7.9944e-02,8.2719e-02,3.1087e-03
4.650000000000002,0,4,0.0000e+00,6.3956e-02,6.5272e-02,2.4531e-03
4.750000000000002,1,4,1.5989e-02,6.3956e-02,5.1503e-02,1.9356e-03
4.850000000000001,0,3,0.0000e+00,4.7967e-02,4.0636e-02,1.5272e-03
4.950000000000002,0,3,0.0000e+00,4.7967e-02,3.2060e-02,1.2049e-03
5.0500000000000025,1,3,1.5989e-02,4.7967e-02,2.5291e-02,9.5048e-04
5.150000000000002,0,2,0.0000e+00,3.1978e-02,1.9949e-02,7.4972e-04
5.250000000000002,1,2,1.5989e-02,3.1978e-02,1.5733e-02,5.9127e-04
5.350000000000002,0,1,0.0000e+00,1.5989e-02,1.2405e-02,4.6622e-04
5.450000000000003,0,1,0.0000e+00,1.5989e-02,9.7792e-03,3.6752e-04
5.5500000000000025,0,1,0.0000e+00,1.5989e-02,7.7066e-03,2.8963e-04
5.650000000000002,0,1,0.0000e+00,1.5989e-02,6.0709e-03,2.2816e-04
5.750000000000003,0,1,0.0000e+00,1.5989e-02,4.7799e-03,1.7964e-04
5.850000000000003,1,1,1.5989e-02,1.5989e-02,3.7611e-03,1.4135e-04
5.950000000000003,0,0,0.0000e+00,0.0000e+00,2.9570e-03,1.1113e-04
6.0500000000000025,0,0,0.0000e+00,0.0000e+00,2.3224e-03,8.7280e-05
6.150000000000003,0,0,0.0000e+00,0.0000e+00,1.8215e-03,6.8457e-05
6.2500000000000036,0,0,0.0000e+00,0.0000e+00,1.4262e-03,5.3601e-05
6.350000000000003,0,0,0.0000e+00,0.0000e+00,1.1143e-03,4.1877e-05
6.450000000000003,0,0,0.0000e+00,0.0000e+00,8.6807e-04,3.2624e-05
6.550000000000003,0,0,0.0000e+00,0.0000e+00,6.7375e-04,2.5321e-05
6.650000000000004,0,0,0.0000e+00,0.0000e+00,5.2039e-04,1.9558e-05
6.7500000000000036,0,0,0.0000e+00,0.0000e+00,3.9936e-04,1.5009e-05
6.850000000000003,0,0,0.0000e+00,0.0000e+00,3.0384e-04,1.1419e-05
6.950000000000004,0,0,0.0000e+00,0.0000e+00,2.2845e-04,8.5855e-06
7.050000000000004,0,0,0.0000e+00,0.0000e+00,1.6895e-04,6.3494e-06
7.150000000000004,0,0,0.0000e+00,0.0000e+00,1.2199e-04,4.5846e-06
7.2500000000000036,0,0,0.0000e+00,0.0000e+00,8.4930e-05,3.1918e-06
7.350000000000005,0,0,0.0000e+00,0.0000e+00,5.5681e-05,2.0926e-06
7.450000000000005,0,0,0.0000e+00,0.0000e+00,3.2597e-05,1.2251e-06
7.550000000000004,0,0,0.0000e+00,0.0000e+00,1.4378e-05,5.4037e-07
7.650000000000004,0,0,0.0000e+00,0.0000e+00,-1.0759e-19,-4.0434e-21
